
3, 1500
4, 1200
5, 900
6, 1100
7, 1600
8, 1400
9, 1600
10, 1700
11, 1600
12, 2300
13, 2100
14, 2100
15, 1900
16, 2000
17, 2500
18, 2400
19, 2500
20, 4900
21, 4700
22, 3100
23, 3100
24, 4900
25, 5000
26, 3600
27, 3600
28, 5400
29, 3900
30, 4700
31, 4000
32, 4400
33, 6200
34, 4400
35, 6700
36, 7300
37, 5000
38, 5000
39, 5000
40, 5400
41, 5300
42, 5400
43, 5700
44, 5700
45, 5800
46, 6100
47, 6400
48, 6600
49, 6600
50, 6700
51, 6900
52, 7000
53, 7400
54, 11000
55, 8400
56, 8100
57, 8000
58, 12000
59, 8100
60, 8100
61, 9500
62, 9900
63, 9600
64, 9000
65, 10900
66, 9400
67, 9200
68, 9300
69, 11200
70, 9500
71, 10800
72, 10100
73, 11500
74, 11700
75, 10700
76, 129000
77, 12100
78, 12300
79, 11100
80, 12700
81, 13200
82, 34600
83, 11700
84, 12300
85, 13700
86, 12100
87, 14600
88, 14700
89, 12700
90, 19500
91, 17200
92, 13000
93, 13100
94, 15300
95, 16100
96, 16100
97, 15700
98, 17200
99, 16200
100, 15700
101, 17200
102, 15200
103, 17200
104, 17400
105, 18100
106, 17200
107, 17200
108, 16200
109, 15900
110, 16200
111, 18100
112, 18400
113, 18500
114, 18500
115, 20800
116, 19400
117, 20000
118, 20200
119, 20700
120, 20900
121, 18700
122, 20900
123, 20600
124, 22100
125, 21500
126, 21700
127, 21700
128, 22300
129, 21600
130, 23700
131, 34900
132, 23400
133, 23300
134, 23300
135, 23200
136, 24000
137, 23500
138, 33300
139, 24500
140, 23400
141, 23900
142, 26000
143, 26400
144, 27000
145, 22800
146, 26200
147, 26200
148, 25900
149, 25600
150, 26800
151, 23500
152, 26500
153, 24200
154, 23700
155, 24300
156, 23900
157, 24300
158, 25700
159, 29600
160, 28600
161, 38000
162, 51300
163, 25700
164, 46200
165, 28900
166, 25900
167, 26500
168, 27000
169, 30300
170, 27500
171, 27000
172, 27200
173, 27400
174, 27800
175, 27900
176, 28100
177, 28400
178, 28600
179, 28600
180, 28700
181, 34000
182, 29400
183, 58900
184, 41000
185, 29700
186, 29900
187, 59100
188, 30100
189, 30800
190, 30500
191, 30900
192, 31200
193, 46100
194, 35700
195, 33100
196, 34700
197, 100000
198, 37300
199, 36200
200, 38000
201, 41100
202, 41300
203, 38300
204, 36600
205, 37700
206, 53000
207, 36600
208, 40500
209, 42800
210, 41500
211, 41700
212, 42700
213, 41300
214, 55800
215, 59700
216, 41800
217, 40600
218, 36400
219, 39300
220, 44300
221, 37800
222, 41300
223, 41500
224, 47500
225, 41800
226, 38600
227, 45900
228, 40500
229, 43800
230, 42800
231, 44100
232, 44100
233, 45200
234, 45600
235, 39400
236, 47700
237, 45300
238, 50400
239, 49000
240, 52800
241, 48400
242, 48400
243, 48900
244, 49800
245, 42200
246, 47700
247, 51600
248, 48400
249, 64000
250, 52600
251, 66900
252, 47000
253, 53800
254, 55400
255, 56000
256, 52000
257, 63800
258, 49000
259, 53700
260, 58300
261, 55600
262, 55100
263, 55300
264, 55300
265, 70600
266, 53500
267, 53100
268, 57100
269, 80100
270, 51700
271, 56600
272, 57200
273, 58600
274, 54600
275, 59700
276, 50000
277, 61500
278, 55900
279, 56000
280, 68500
281, 55700
282, 48000
283, 48300
284, 49300
285, 99700
286, 100000
287, 60900
288, 50200
289, 131300
290, 75000
291, 51100
292, 78300
293, 62400
294, 50700
295, 104100
296, 52000
297, 62900
298, 51300
299, 51600
300, 79000
301, 58600
302, 61100
303, 56200
304, 60200
305, 57600
306, 62300
307, 67500
308, 53400
309, 54200
310, 109400
311, 55200
312, 55400
313, 54700
314, 54800
315, 54700
316, 55900
317, 55500
318, 56100
319, 55800
320, 55700
321, 84800
322, 56800
323, 56800
324, 57200
325, 57400
326, 57500
327, 60900
328, 59000
329, 87200
330, 58900
331, 58800
332, 59100
333, 59700
334, 59200
335, 59700
336, 59600
337, 128200
338, 65600
339, 68800
340, 74700
341, 77800
342, 69800
343, 71000
344, 72200
345, 78300
346, 61400
347, 91800
348, 63200
349, 62600
350, 63200
351, 93900
352, 100000
353, 62600
354, 74500
355, 64300
356, 63700
357, 129900
358, 75200
359, 64800
360, 64200
361, 64000
362, 65500
363, 65500
364, 75400
365, 75200
366, 99200
367, 99900
368, 66100
369, 66700
370, 102300
371, 175000
372, 81100
373, 80100
374, 168700
375, 77700
376, 80900
377, 81000
378, 74100
379, 69600
380, 82800
381, 81900
382, 81800
383, 80300
384, 80400
385, 81100
386, 81100
387, 89200
388, 85800
389, 84900
390, 75100
391, 83100
392, 85000
393, 85600
394, 84400
395, 81200
396, 89500
397, 82700
398, 72100
399, 86100
400, 85500
401, 87700
402, 88400
403, 87900
404, 88400
405, 223400
406, 83100
407, 85300
408, 87500
409, 90400
410, 87500
411, 84100
412, 80500
413, 91400
414, 92800
415, 75500
416, 75900
417, 88500
418, 84400
419, 94700
420, 90400
421, 86400
422, 91100
423, 87900
424, 88500
425, 90900
426, 93600
427, 108100
428, 90600
429, 93100
430, 95800
431, 94000
432, 94700
433, 94200
434, 94900
435, 91400
436, 98400
437, 90200
438, 94900
439, 97600
440, 97800
441, 98600
442, 98200
443, 98500
444, 97000
445, 96400
446, 99900
447, 99300
448, 100500
449, 100200
450, 100400
451, 100200
452, 92700
453, 93600
454, 93800
455, 93700
456, 97000
457, 102700
458, 103200
459, 103300
460, 101100
461, 99900
462, 101600
463, 103700
464, 104000
465, 103800
466, 104300
467, 103700
468, 103600
469, 104900
470, 104900
471, 106200
472, 106100
473, 106800
474, 106600
475, 106400
476, 107400
477, 105600
478, 108200
479, 108100
480, 106800
481, 108100
482, 107800
483, 108600
484, 108400
485, 109100
486, 109600
487, 109200
488, 109500
489, 110300
490, 110500
491, 110900
492, 109600
493, 110600
494, 112600
495, 112600
496, 111400
497, 111300
498, 111800
499, 114300
500, 115200
501, 113100
502, 93200
503, 109200
504, 115200
505, 114700
506, 118300
507, 114200
508, 114800
509, 116900
510, 115300
511, 115800
512, 115900
513, 116200
514, 116800
515, 118400
516, 119200
517, 134000
518, 134900
519, 301400
520, 110400
521, 109200
522, 117700
523, 119700
524, 119500
525, 100100
526, 107500
527, 119300
528, 121100
529, 121400
530, 121400
531, 122900
532, 122400
533, 121800
534, 129700
535, 123500
536, 101800
537, 122200
538, 102500
539, 116900
540, 122200
541, 121200
542, 123000
543, 122100
544, 122000
545, 123300
546, 125200
547, 142900
548, 180500
549, 120900
550, 124000
551, 127800
552, 150200
553, 126500
554, 128800
555, 128500
556, 127100
557, 130900
558, 110100
559, 160200
560, 127500
561, 134000
562, 107100
563, 128700
564, 129900
565, 131400
566, 131600
567, 132300
568, 129900
569, 125100
570, 127000
571, 132500
572, 133800
573, 133800
574, 132800
575, 133600
576, 135100
577, 133700
578, 134600
579, 111000
580, 271500
581, 136100
582, 135300
583, 135500
584, 126900
585, 131000
586, 137800
587, 137100
588, 135600
589, 135800
590, 132500
591, 374000
592, 136000
593, 137300
594, 140000
595, 140100
596, 139400
597, 139100
598, 140900
599, 140100
600, 141900
601, 218300
602, 133900
603, 161100
604, 137700
605, 141100
606, 133300
607, 194000
608, 142700
609, 141600
610, 142700
611, 142800
612, 218100
613, 143300
614, 120800
615, 155300
616, 147700
617, 145300
618, 145300
619, 216900
620, 144700
621, 146600
622, 146800
623, 149000
624, 146500
625, 146600
626, 147400
627, 147800
628, 146800
629, 147600
630, 148000
631, 147800
632, 148400
633, 149300
634, 147500
635, 157700
636, 151000
637, 150200
638, 149000
639, 150300
640, 153100
641, 152800
642, 151800
643, 153700
644, 153700
645, 153400
646, 154600
647, 152800
648, 152700
649, 153700
650, 153200
651, 143000
652, 153300
653, 154400
654, 156300
655, 155700
656, 156900
657, 155900
658, 157300
659, 155300
660, 157900
661, 155900
662, 157600
663, 158000
664, 160100
665, 148600
666, 158500
667, 159600
668, 158200
669, 160400
670, 159900
671, 160800
672, 161000
673, 161300
674, 161900
675, 162000
676, 162700
677, 159200
678, 159200
679, 163100
680, 162100
681, 180900
682, 155800
683, 158200
684, 170100
685, 160400
686, 165100
687, 163900
688, 171500
689, 164100
690, 174000
691, 175500
692, 175000
693, 169900
694, 171500
695, 160000
696, 143100
697, 161000
698, 165100
699, 174100
700, 178800
701, 165500
702, 177700
703, 161400
704, 173900
705, 196000
706, 166200
707, 198800
708, 179700
709, 176100
710, 192300
711, 169300
712, 173900
713, 140900
714, 148200
715, 164800
716, 175900
717, 142500
718, 212900
719, 142600
720, 161800
721, 143900
722, 159000
723, 460700
724, 238700
725, 183000
726, 145300
727, 144500
728, 144500
729, 204200
730, 217800
731, 145800
732, 145700
733, 159300
734, 149400
735, 162000
736, 174500
737, 158200
738, 191400
739, 200600
740, 179300
741, 215000
742, 174200
743, 177600
744, 184500
745, 150100
746, 178600
747, 182100
748, 151100
749, 170100
750, 178100
751, 179900
752, 182500
753, 199500
754, 184300
755, 179300
756, 166400
757, 192600
758, 203900
759, 172300
760, 191000
761, 192900
762, 168000
763, 173400
764, 153500
765, 186500
766, 161500
767, 169200
768, 155700
769, 233500
770, 207300
771, 155400
772, 155000
773, 174500
774, 232700
775, 157400
776, 164400
777, 228700
778, 156900
779, 156400
780, 237300
781, 248900
782, 252400
783, 157700
784, 158300
785, 211000
786, 158300
787, 159300
788, 171400
789, 323200
790, 159800
791, 159300
792, 160800
793, 233400
794, 159600
795, 160800
796, 159900
797, 189200
798, 162000
799, 160500
800, 162300
801, 161600
802, 180600
803, 162800
804, 163800
805, 162400
806, 247700
807, 164800
808, 204400
809, 175200
810, 164300
811, 212500
812, 255900
813, 244500
814, 164500
815, 205200
816, 166600
817, 190800
818, 250100
819, 165600
820, 167400
821, 219200
822, 167200
823, 166900
824, 341300
825, 179500
826, 174800
827, 226500
828, 179300
829, 176800
830, 230200
831, 169000
832, 254400
833, 209700
834, 170200
835, 188000
836, 170600
837, 170100
838, 171800
839, 170700
840, 172000
841, 172000
842, 178100
843, 230500
844, 171300
845, 225600
846, 175600
847, 252100
848, 217000
849, 211100
850, 175500
851, 260200
852, 261200
853, 172900
854, 230200
855, 231700
856, 188000
857, 174700
858, 175900
859, 175300
860, 265300
861, 422200
862, 176300
863, 176700
864, 264300
865, 179200
866, 221000
867, 182200
868, 177000
869, 178700
870, 178000
871, 188900
872, 210300
873, 179600
874, 186100
875, 248600
876, 191300
877, 235300
878, 223700
879, 179400
880, 286300
881, 180600
882, 179700
883, 242800
884, 216700
885, 181100
886, 181000
887, 219700
888, 182700
889, 216400
890, 213700
891, 214700
892, 213100
893, 211900
894, 214000
895, 222100
896, 197300
897, 214300
898, 203300
899, 220200
900, 217700
901, 221100
902, 217400
903, 216600
904, 216300
905, 216100
906, 217000
907, 218200
908, 315400
909, 192300
910, 233600
911, 220200
912, 218200
913, 217900
914, 219900
915, 219200
916, 219100
917, 219200
918, 219100
919, 218900
920, 223800
921, 226800
922, 210000
923, 222100
924, 221200
925, 220700
926, 220600
927, 221000
928, 221000
929, 220000
930, 222100
931, 220300
932, 225600
933, 218900
934, 222400
935, 213600
936, 216300
937, 228000
938, 223800
939, 223600
940, 223800
941, 223500
942, 223800
943, 225600
944, 225200
945, 225200
946, 227500
947, 225000
948, 226500
949, 226100
950, 226700
951, 226300
952, 226800
953, 225500
954, 212800
955, 227700
956, 229000
957, 228700
958, 215000
959, 329600
960, 217000
961, 217600
962, 226100
963, 218500
964, 232800
965, 230700
966, 230700
967, 231900
968, 232800
969, 234900
970, 237500
971, 230400
972, 240600
973, 231400
974, 235600
975, 231700
976, 232200
977, 229000
978, 232300
979, 345800
980, 374900
981, 259400
982, 204100
983, 235800
984, 235300
985, 236700
986, 236100
987, 235800
988, 236100
989, 236500
990, 269800
991, 239400
992, 235600
993, 237900
994, 221200
995, 240600
996, 237000
997, 238300
998, 237100
999, 240500
1000, 239200
1001, 238100
1002, 261100
1003, 215700
1004, 230700
1005, 223300
1006, 241700
1007, 240500
1008, 241000
1009, 240400
1010, 239600
1011, 241200
1012, 254700
1013, 252900
1014, 231100
1015, 303700
1016, 364100
1017, 241800
1018, 242100
1019, 241100
1020, 246300
1021, 244600
1022, 244100
1023, 244100
1024, 293000
1025, 270800
1026, 247200
1027, 245900
1028, 244300
1029, 244700
1030, 246900
1031, 245100
1032, 244800
1033, 245700
1034, 229800
1035, 234300
1036, 236600
1037, 255100
1038, 248900
1039, 249100
1040, 248100
1041, 248500
1042, 248500
1043, 261600
1044, 238200
1045, 250300
1046, 247900
1047, 248600
1048, 245600
1049, 243700
1050, 251000
1051, 249900
1052, 250100
1053, 249800
1054, 250500
1055, 249900
1056, 250400
1057, 250500
1058, 301600
1059, 251800
1060, 252600
1061, 253700
1062, 252800
1063, 251600
1064, 252900
1065, 255800
1066, 255700
1067, 253400
1068, 253800
1069, 253500
1070, 238300
1071, 256400
1072, 255600
1073, 254600
1074, 256400
1075, 254800
1076, 257000
1077, 240800
1078, 258300
1079, 256600
1080, 256500
1081, 258500
1082, 257600
1083, 257000
1084, 256800
1085, 257200
1086, 256900
1087, 258500
1088, 258300
1089, 277000
1090, 260400
1091, 260000
1092, 258700
1093, 260800
1094, 260200
1095, 258800
1096, 260800
1097, 259700
1098, 261300
1099, 392800
1100, 308600
1101, 261100
1102, 270300
1103, 256300
1104, 263600
1105, 263900
1106, 264300
1107, 263100
1108, 263200
1109, 263200
1110, 265200
1111, 264000
1112, 264700
1113, 251300
1114, 253500
1115, 266800
1116, 252900
1117, 266900
1118, 265600
1119, 266900
1120, 266100
1121, 268300
1122, 265900
1123, 266900
1124, 268800
1125, 327800
1126, 332800
1127, 304600
1128, 305300
1129, 281000
1130, 273400
1131, 250400
1132, 269300
1133, 271400
1134, 292900
1135, 314700
1136, 295700
1137, 270200
1138, 270600
1139, 271000
1140, 275700
1141, 269700
1142, 268900
1143, 256600
1144, 272400
1145, 291800
1146, 275600
1147, 271400
1148, 273200
1149, 272000
1150, 273500
1151, 277400
1152, 273700
1153, 351300
1154, 297700
1155, 263400
1156, 290000
1157, 260000
1158, 275200
1159, 276400
1160, 277000
1161, 276700
1162, 276200
1163, 286700
1164, 296000
1165, 424400
1166, 258700
1167, 260500
1168, 269100
1169, 279300
1170, 278500
1171, 278000
1172, 279800
1173, 280100
1174, 295600
1175, 282900
1176, 311300
1177, 292800
1178, 279200
1179, 281200
1180, 280300
1181, 279100
1182, 279100
1183, 280200
1184, 318800
1185, 318600
1186, 343500
1187, 286900
1188, 281900
1189, 282000
1190, 283600
1191, 283700
1192, 282900
1193, 285400
1194, 284400
1195, 358600
1196, 296700
1197, 272800
1198, 287600
1199, 285900
1200, 284600
1201, 286200
1202, 285900
1203, 284700
1204, 286300
1205, 307900
1206, 273400
1207, 268400
1208, 288300
1209, 430300
1210, 288700
1211, 287600
1212, 296500
1213, 288900
1214, 289000
1215, 287900
1216, 331600
1217, 290500
1218, 400100
1219, 289700
1220, 290500
1221, 291300
1222, 287700
1223, 290600
1224, 437700
1225, 290700
1226, 290800
1227, 291300
1228, 298200
1229, 294900
1230, 292600
1231, 294600
1232, 292600
1233, 292500
1234, 301900
1235, 297800
1236, 292900
1237, 293400
1238, 293900
1239, 278000
1240, 268700
1241, 298100
1242, 296100
1243, 298100
1244, 296700
1245, 295100
1246, 297100
1247, 295300
1248, 297600
1249, 353300
1250, 279000
1251, 298300
1252, 295300
1253, 297600
1254, 298000
1255, 297500
1256, 297900
1257, 297600
1258, 299600
1259, 298900
1260, 299300
1261, 302600
1262, 308800
1263, 300200
1264, 302400
1265, 308200
1266, 302800
1267, 301100
1268, 303000
1269, 301200
1270, 301800
1271, 301600
1272, 360300
1273, 477400
1274, 365700
1275, 382500
1276, 350500
1277, 279800
1278, 322400
1279, 297400
1280, 294600
1281, 370900
1282, 352100
1283, 308100
1284, 293900
1285, 445900
1286, 277900
1287, 293400
1288, 300700
1289, 300600
1290, 558600
1291, 350200
1292, 386400
1293, 321900
1294, 311300
1295, 356500
1296, 361800
1297, 314800
1298, 359500
1299, 308100
1300, 304400
1301, 320800
1302, 292800
1303, 304500
1304, 310300
1305, 442700
1306, 324600
1307, 308300
1308, 331000
1309, 312600
1310, 311800
1311, 347000
1312, 285200
1313, 285100
1314, 315600
1315, 311800
1316, 284300
1317, 293500
1318, 314900
1319, 476400
1320, 342400
1321, 318500
1322, 315600
1323, 315400
1324, 317300
1325, 320700
1326, 315700
1327, 314700
1328, 315800
1329, 304400
1330, 311700
1331, 340800
1332, 318400
1333, 316800
1334, 317000
1335, 336900
1336, 316800
1337, 326200
1338, 313000
1339, 321200
1340, 324700
1341, 291900
1342, 321300
1343, 322100
1344, 319300
1345, 318300
1346, 343100
1347, 318900
1348, 299500
1349, 336200
1350, 325900
1351, 320200
1352, 321400
1353, 321000
1354, 321800
1355, 320900
1356, 322400
1357, 323600
1358, 323300
1359, 323700
1360, 328400
1361, 307000
1362, 325400
1363, 323000
1364, 324400
1365, 325300
1366, 324400
1367, 325200
1368, 328000
1369, 484300
1370, 342000
1371, 327300
1372, 326700
1373, 326500
1374, 326200
1375, 315700
1376, 327300
1377, 376600
1378, 326100
1379, 327200
1380, 329300
1381, 330200
1382, 330400
1383, 327400
1384, 327700
1385, 316300
1386, 333100
1387, 328900
1388, 329700
1389, 331300
1390, 321200
1391, 334300
1392, 331100
1393, 328700
1394, 330900
1395, 332400
1396, 332000
1397, 337000
1398, 337000
1399, 337900
1400, 333400
1401, 387200
1402, 347900
1403, 364500
1404, 327600
1405, 378400
1406, 320600
1407, 325100
1408, 323300
1409, 370200
1410, 356000
1411, 338400
1412, 368700
1413, 418800
1414, 361600
1415, 379600
1416, 336800
1417, 338600
1418, 335600
1419, 335900
1420, 329700
1421, 399600
1422, 373700
1423, 326100
1424, 333300
1425, 343500
1426, 339700
1427, 339000
1428, 511500
1429, 547200
1430, 333600
1431, 363400
1432, 445500
1433, 371900
1434, 498300
1435, 418200
1436, 347800
1437, 375900
1438, 480300
1439, 334100
1440, 398700
1441, 352300
1442, 345100
1443, 349700
1444, 345700
1445, 344100
1446, 348800
1447, 347500
1448, 358200
1449, 369800
1450, 332700
1451, 411500
1452, 351400
1453, 348500
1454, 347000
1455, 333000
1456, 339900
1457, 361400
1458, 393800
1459, 390600
1460, 347300
1461, 368000
1462, 349600
1463, 349000
1464, 348700
1465, 349600
1466, 341800
1467, 389900
1468, 356800
1469, 379900
1470, 342000
1471, 434200
1472, 418100
1473, 354400
1474, 353200
1475, 369700
1476, 353400
1477, 356100
1478, 356100
1479, 352700
1480, 353300
1481, 386300
1482, 356400
1483, 353400
1484, 342400
1485, 358200
1486, 350700
1487, 342600
1488, 373000
1489, 344700
1490, 361800
1491, 354100
1492, 356900
1493, 360400
1494, 329200
1495, 343100
1496, 360500
1497, 342300
1498, 369500
1499, 361800
1500, 358900
1501, 361000
1502, 361400
1503, 361400
1504, 359000
1505, 358400
1506, 389400
1507, 330900
1508, 338200
1509, 362500
1510, 381600
1511, 349200
1512, 360300
1513, 347600
1514, 365100
1515, 383300
1516, 352000
1517, 407000
1518, 374400
1519, 361100
1520, 361100
1521, 363200
1522, 367400
1523, 369100
1524, 360000
1525, 365100
1526, 365500
1527, 351000
1528, 352300
1529, 369500
1530, 365100
1531, 373000
1532, 367100
1533, 367900
1534, 365400
1535, 363600
1536, 372400
1537, 380900
1538, 348800
1539, 397300
1540, 359700
1541, 372400
1542, 356300
1543, 379100
1544, 375300
1545, 368700
1546, 374700
1547, 446800
1548, 379700
1549, 547800
1550, 372300
1551, 371800
1552, 385100
1553, 374400
1554, 372800
1555, 376400
1556, 369100
1557, 381800
1558, 383300
1559, 371300
1560, 427500
1561, 375200
1562, 372000
1563, 372100
1564, 360900
1565, 544500
1566, 376700
1567, 420400
1568, 379300
1569, 387300
1570, 379100
1571, 428400
1572, 373400
1573, 374500
1574, 435800
1575, 426600
1576, 367600
1577, 377200
1578, 381800
1579, 363900
1580, 370200
1581, 381900
1582, 364700
1583, 418100
1584, 371000
1585, 563500
1586, 384700
1587, 426900
1588, 401200
1589, 383900
1590, 379700
1591, 725700
1592, 459900
1593, 375400
1594, 364400
1595, 384100
1596, 381300
1597, 388800
1598, 388800
1599, 470600
1600, 376300
1601, 474200
1602, 395700
1603, 446800
1604, 364500
1605, 405500
1606, 387700
1607, 387100
1608, 387500
1609, 385200
1610, 519500
1611, 418400
1612, 395200
1613, 412100
1614, 391800
1615, 357800
1616, 384100
1617, 387600
1618, 437900
1619, 390000
1620, 389800
1621, 366900
1622, 376300
1623, 393800
1624, 387500
1625, 394600
1626, 393400
1627, 397000
1628, 578300
1629, 391700
1630, 403700
1631, 393800
1632, 390300
1633, 388500
1634, 395700
1635, 403500
1636, 419400
1637, 364000
1638, 394500
1639, 393700
1640, 397300
1641, 393100
1642, 389000
1643, 394600
1644, 392500
1645, 395500
1646, 391700
1647, 395500
1648, 386600
1649, 373100
1650, 409900
1651, 394800
1652, 393000
1653, 392900
1654, 409600
1655, 412300
1656, 390600
1657, 429600
1658, 421000
1659, 395100
1660, 395800
1661, 395800
1662, 394400
1663, 398300
1664, 404500
1665, 395300
1666, 399700
1667, 401100
1668, 400500
1669, 405900
1670, 417400
1671, 389800
1672, 395400
1673, 413400
1674, 386100
1675, 393100
1676, 401800
1677, 400300
1678, 415600
1679, 406000
1680, 525100
1681, 418000
1682, 472200
1683, 410600
1684, 460300
1685, 408200
1686, 494200
1687, 504900
1688, 418300
1689, 415400
1690, 413200
1691, 486800
1692, 391500
1693, 411300
1694, 467800
1695, 398900
1696, 414900
1697, 405300
1698, 427200
1699, 389700
1700, 407200
1701, 424200
1702, 410800
1703, 412300
1704, 483400
1705, 442400
1706, 414400
1707, 486400
1708, 405700
1709, 410400
1710, 423400
1711, 408700
1712, 452900
1713, 472000
1714, 420600
1715, 417800
1716, 508600
1717, 428200
1718, 414600
1719, 413200
1720, 399700
1721, 665500
1722, 482700
1723, 490600
1724, 703000
1725, 535300
1726, 411400
1727, 413200
1728, 454300
1729, 484300
1730, 657200
1731, 468100
1732, 426500
1733, 399800
1734, 404500
1735, 526300
1736, 420900
1737, 498300
1738, 428100
1739, 415600
1740, 646500
1741, 410400
1742, 421900
1743, 418400
1744, 406100
1745, 418100
1746, 411800
1747, 422900
1748, 445700
1749, 415600
1750, 423400
1751, 644800
1752, 419600
1753, 416900
1754, 413600
1755, 439100
1756, 393900
1757, 431000
1758, 420000
1759, 427000
1760, 419900
1761, 421100
1762, 419800
1763, 427800
1764, 426200
1765, 431600
1766, 415100
1767, 428100
1768, 643200
1769, 447600
1770, 426300
1771, 427400
1772, 409700
1773, 437700
1774, 430300
1775, 435000
1776, 410800
1777, 442900
1778, 418700
1779, 444200
1780, 425100
1781, 425500
1782, 401200
1783, 426500
1784, 474000
1785, 426200
1786, 429200
1787, 427100
1788, 433000
1789, 426300
1790, 445700
1791, 439900
1792, 429200
1793, 424200
1794, 436800
1795, 428500
1796, 430100
1797, 429600
1798, 447400
1799, 445900
1800, 430900
1801, 430300
1802, 445600
1803, 406400
1804, 452700
1805, 482100
1806, 578800
1807, 512700
1808, 433500
1809, 438500
1810, 471000
1811, 428500
1812, 1080800
1813, 561000
1814, 439800
1815, 479200
1816, 436900
1817, 415300
1818, 435400
1819, 544100
1820, 438200
1821, 512000
1822, 437000
1823, 439500
1824, 446000
1825, 437800
1826, 497300
1827, 435900
1828, 470300
1829, 587100
1830, 482200
1831, 440300
1832, 528900
1833, 523600
1834, 475500
1835, 430200
1836, 575400
1837, 791800
1838, 424700
1839, 449000
1840, 433500
1841, 462200
1842, 447600
1843, 460300
1844, 628900
1845, 512200
1846, 517300
1847, 482300
1848, 546400
1849, 486700
1850, 443100
1851, 454000
1852, 427100
1853, 519500
1854, 531000
1855, 447900
1856, 505300
1857, 440400
1858, 433200
1859, 443000
1860, 451000
1861, 512900
1862, 548200
1863, 461500
1864, 449500
1865, 445100
1866, 445600
1867, 448500
1868, 446300
1869, 447600
1870, 449600
1871, 465300
1872, 451600
1873, 452200
1874, 450300
1875, 453500
1876, 457200
1877, 450100
1878, 679800
1879, 471400
1880, 449200
1881, 448000
1882, 681800
1883, 453100
1884, 448500
1885, 459600
1886, 470500
1887, 452800
1888, 458900
1889, 453700
1890, 468900
1891, 453400
1892, 452400
1893, 453300
1894, 459900
1895, 452400
1896, 468700
1897, 461900
1898, 454800
1899, 469000
1900, 456000
1901, 454200
1902, 458000
1903, 455200
1904, 458200
1905, 456900
1906, 454400
1907, 455300
1908, 455600
1909, 457600
1910, 460900
1911, 470700
1912, 470800
1913, 450100
1914, 477200
1915, 440500
1916, 488400
1917, 449300
1918, 468100
1919, 452200
1920, 462200
1921, 466100
1922, 678900
1923, 460400
1924, 485200
1925, 466900
1926, 577100
1927, 450200
1928, 460200
1929, 526200
1930, 556800
1931, 480700
1932, 451400
1933, 574900
1934, 578700
1935, 583900
1936, 443100
1937, 469300
1938, 467900
1939, 465800
1940, 466900
1941, 458900
1942, 492300
1943, 496800
1944, 479700
1945, 559700
1946, 562400
1947, 556600
1948, 471600
1949, 470100
1950, 453900
1951, 684100
1952, 559700
1953, 489900
1954, 481800
1955, 473300
1956, 454100
1957, 486800
1958, 487600
1959, 574300
1960, 530000
1961, 475900
1962, 501900
1963, 472100
1964, 460800
1965, 462000
1966, 476400
1967, 890800
1968, 499500
1969, 583600
1970, 490300
1971, 481300
1972, 511600
1973, 638100
1974, 570900
1975, 554800
1976, 585400
1977, 522000
1978, 482200
1979, 489400
1980, 460000
1981, 479300
1982, 476500
1983, 507000
1984, 477100
1985, 490600
1986, 481300
1987, 483400
1988, 479600
1989, 480800
1990, 476600
1991, 452800
1992, 582500
1993, 484200
1994, 497600
1995, 482600
1996, 485200
1997, 490700
1998, 481200
1999, 482300
2000, 533700
2001, 554800
2002, 485800
2003, 488300
2004, 473100
2005, 487000
2006, 481900
2007, 485500
2008, 490900
2009, 486800
2010, 477400
2011, 505000
2012, 490800
2013, 470100
2014, 488200
2015, 487900
2016, 489200
2017, 483600
2018, 492400
2019, 545500
2020, 498000
2021, 495900
2022, 511500
2023, 479000
2024, 483900
2025, 493600
2026, 535500
2027, 493100
2028, 489100
2029, 494900
2030, 494400
2031, 491100
2032, 475400
2033, 474100
2034, 494600
2035, 493000
2036, 491300
2037, 473200
2038, 675700
2039, 481700
2040, 493900
2041, 503200
2042, 493800
2043, 495900
2044, 496000
2045, 479400
2046, 508500
2047, 625000
2048, 637700
2049, 535000
2050, 532200
2051, 501100
2052, 499000
2053, 508300
2054, 657500
2055, 588300
2056, 468300
2057, 502200
2058, 502100
2059, 563900
2060, 517200
2061, 494100
2062, 569800
2063, 655500
2064, 585300
2065, 609500
2066, 540400
2067, 500100
2068, 497900
2069, 527400
2070, 566700
2071, 595700
2072, 524700
2073, 494700
2074, 520700
2075, 504200
2076, 513200
2077, 528300
2078, 506200
2079, 541600
2080, 501600
2081, 507400
2082, 504000
2083, 521400
2084, 506500
2085, 633900
2086, 799200
2087, 640600
2088, 609300
2089, 633900
2090, 625000
2091, 627800
2092, 607600
2093, 495700
2094, 2406600
2095, 640300
2096, 616300
2097, 597600
2098, 613800
2099, 614000
2100, 653100
2101, 1077100
2102, 648800
2103, 634900
2104, 612600
2105, 511300
2106, 622200
2107, 633200
2108, 632800
2109, 556700
2110, 608000
2111, 617200
2112, 615000
2113, 648200
2114, 651200
2115, 617500
2116, 651100
2117, 646500
2118, 664100
2119, 657100
2120, 652700
2121, 499600
2122, 629900
2123, 640800
2124, 629500
2125, 616300
2126, 516300
2127, 517400
2128, 680900
2129, 518800
2130, 516700
2131, 499400
2132, 489900
2133, 734400
2134, 737400
2135, 492000
2136, 488900
2137, 502000
2138, 491800
2139, 494000
2140, 689700
2141, 753100
2142, 494800
2143, 683300
2144, 657900
2145, 719600
2146, 742900
2147, 493500
2148, 491400
2149, 598300
2150, 497100
2151, 743800
2152, 493400
2153, 704500
2154, 501600
2155, 508400
2156, 748200
2157, 524200
2158, 576600
2159, 525100
2160, 497300
2161, 528200
2162, 497300
2163, 717900
2164, 688400
2165, 606100
2166, 653900
2167, 532000
2168, 645400
2169, 533700
2170, 611600
2171, 558900
2172, 512900
2173, 838000
2174, 574800
2175, 679000
2176, 515100
2177, 504300
2178, 519200
2179, 504000
2180, 729000
2181, 533500
2182, 535300
2183, 511000
2184, 509300
2185, 949300
2186, 559100
2187, 505400
2188, 503800
2189, 587800
2190, 552500
2191, 630800
2192, 520700
2193, 564500
2194, 616500
2195, 508700
2196, 596300
2197, 550200
2198, 506600
2199, 527600
2200, 507500
2201, 518500
2202, 678300
2203, 775300
2204, 540000
2205, 526800
2206, 665800
2207, 508600
2208, 520300
2209, 508300
2210, 518800
2211, 875900
2212, 542700
2213, 540800
2214, 511500
2215, 775100
2216, 512000
2217, 763600
2218, 512500
2219, 765200
2220, 523100
2221, 522700
2222, 797000
2223, 733500
2224, 512300
2225, 514500
2226, 516000
2227, 742000
2228, 583800
2229, 762700
2230, 520600
2231, 780200
2232, 515800
2233, 517700
2234, 515700
2235, 513900
2236, 615100
2237, 538300
2238, 698900
2239, 750500
2240, 521900
2241, 776300
2242, 773200
2243, 772900
2244, 575000
2245, 580400
2246, 518400
2247, 684800
2248, 727400
2249, 522600
2250, 524400
2251, 543600
2252, 696300
2253, 529400
2254, 555600
2255, 699300
2256, 772000
2257, 535800
2258, 561500
2259, 548500
2260, 531300
2261, 794900
2262, 593600
2263, 600000
2264, 556500
2265, 559100
2266, 551000
2267, 555600
2268, 941300
2269, 554800
2270, 527400
2271, 554100
2272, 563900
2273, 548400
2274, 555000
2275, 555600
2276, 551900
2277, 567800
2278, 566700
2279, 562500
2280, 556800
2281, 552400
2282, 568300
2283, 554600
2284, 601600
2285, 644100
2286, 543100
2287, 606200
2288, 556100
2289, 558700
2290, 555300
2291, 557100
2292, 694400
2293, 564100
2294, 693800
2295, 572900
2296, 607800
2297, 635900
2298, 617300
2299, 548200
2300, 603900
2301, 650900
2302, 588500
2303, 1087800
2304, 576200
2305, 661000
2306, 688500
2307, 686100
2308, 607500
2309, 562000
2310, 574600
2311, 652800
2312, 595000
2313, 595500
2314, 1077300
2315, 563200
2316, 574800
2317, 566300
2318, 568500
2319, 613900
2320, 567200
2321, 568100
2322, 571200
2323, 659200
2324, 552600
2325, 584100
2326, 599400
2327, 553700
2328, 664200
2329, 572000
2330, 556000
2331, 555700
2332, 594700
2333, 554500
2334, 568700
2335, 585000
2336, 564500
2337, 565600
2338, 635200
2339, 570700
2340, 574100
2341, 573400
2342, 572100
2343, 577900
2344, 565400
2345, 558100
2346, 574000
2347, 610900
2348, 573200
2349, 570100
2350, 572800
2351, 576000
2352, 576100
2353, 584400
2354, 565700
2355, 613700
2356, 586800
2357, 561500
2358, 572400
2359, 578300
2360, 577300
2361, 576000
2362, 569700
2363, 577900
2364, 619600
2365, 587400
2366, 577800
2367, 568700
2368, 575800
2369, 590700
2370, 576500
2371, 584000
2372, 805900
2373, 755300
2374, 585600
2375, 632400
2376, 611600
2377, 552800
2378, 582200
2379, 585000
2380, 574400
2381, 727100
2382, 581300
2383, 610500
2384, 578400
2385, 588900
2386, 557400
2387, 638500
2388, 581100
2389, 668100
2390, 697700
2391, 620900
2392, 622200
2393, 716600
2394, 612200
2395, 747700
2396, 703000
2397, 792100
2398, 600500
2399, 596900
2400, 579900
2401, 586700
2402, 631900
2403, 579400
2404, 712300
2405, 572800
2406, 624600
2407, 594400
2408, 592900
2409, 599800
2410, 636800
2411, 588700
2412, 685300
2413, 615400
2414, 646300
2415, 586600
2416, 589000
2417, 606600
2418, 632000
2419, 577000
2420, 635600
2421, 591600
2422, 696600
2423, 640800
2424, 633800
2425, 593400
2426, 592300
2427, 601600
2428, 614200
2429, 582200
2430, 608500
2431, 606400
2432, 595700
2433, 600400
2434, 591500
2435, 593300
2436, 592600
2437, 604700
2438, 751900
2439, 597000
2440, 593900
2441, 600400
2442, 652700
2443, 599500
2444, 618100
2445, 579200
2446, 602200
2447, 617800
2448, 613500
2449, 595500
2450, 601100
2451, 605600
2452, 692500
2453, 601200
2454, 601600
2455, 603400
2456, 590400
2457, 600100
2458, 607900
2459, 601600
2460, 596900
2461, 592500
2462, 583200
2463, 613300
2464, 616000
2465, 601100
2466, 625200
2467, 613400
2468, 628700
2469, 601800
2470, 723200
2471, 627000
2472, 607400
2473, 610400
2474, 631400
2475, 605000
2476, 601300
2477, 606200
2478, 602300
2479, 616700
2480, 604400
2481, 606500
2482, 607700
2483, 879200
2484, 595000
2485, 588300
2486, 624800
2487, 609500
2488, 611200
2489, 612700
2490, 610300
2491, 598900
2492, 699300
2493, 782500
2494, 617300
2495, 592200
2496, 623600
2497, 611300
2498, 606600
2499, 661300
2500, 682100
2501, 746100
2502, 655400
2503, 788000
2504, 653500
2505, 622300
2506, 896600
2507, 855100
2508, 772700
2509, 608500
2510, 720700
2511, 747600
2512, 612200
2513, 656300
2514, 843500
2515, 594800
2516, 884900
2517, 857800
2518, 857000
2519, 602200
2520, 772100
2521, 605500
2522, 963300
2523, 595500
2524, 741000
2525, 602500
2526, 599400
2527, 655900
2528, 633100
2529, 634900
2530, 745000
2531, 592100
2532, 715800
2533, 764700
2534, 806200
2535, 658400
2536, 727600
2537, 909200
2538, 894000
2539, 597900
2540, 957300
2541, 705100
2542, 651800
2543, 624900
2544, 619000
2545, 661200
2546, 598700
2547, 612900
2548, 604700
2549, 610300
2550, 605000
2551, 914900
2552, 630400
2553, 602300
2554, 624300
2555, 612500
2556, 606200
2557, 600400
2558, 604200
2559, 871100
2560, 620500
2561, 725600
2562, 600800
2563, 669000
2564, 604200
2565, 867400
2566, 823400
2567, 830900
2568, 769400
2569, 771200
2570, 729300
2571, 637800
2572, 759400
2573, 800700
2574, 788900
2575, 605600
2576, 852300
2577, 605100
2578, 870500
2579, 893000
2580, 613300
2581, 612000
2582, 875600
2583, 1078100
2584, 894200
2585, 607600
2586, 615700
2587, 714400
2588, 666700
2589, 841500
2590, 856700
2591, 1048800
2592, 1319600
2593, 655900
2594, 657400
2595, 618300
2596, 613300
2597, 686600
2598, 932800
2599, 677000
2600, 656300
2601, 625900
2602, 795900
2603, 626500
2604, 611900
2605, 766900
2606, 826400
2607, 718200
2608, 622000
2609, 623700
2610, 633000
2611, 731600
2612, 756100
2613, 653500
2614, 902200
2615, 666000
2616, 745300
2617, 663300
2618, 645100
2619, 627000
2620, 657200
2621, 674600
2622, 620400
2623, 624800
2624, 619800
2625, 1214700
2626, 628400
2627, 661200
2628, 633800
2629, 669400
2630, 621200
2631, 911900
2632, 906500
2633, 888100
2634, 619100
2635, 808700
2636, 760200
2637, 621300
2638, 1191500
2639, 933400
2640, 631300
2641, 647800
2642, 828800
2643, 630400
2644, 767400
2645, 627400
2646, 828900
2647, 639800
2648, 1189300
2649, 629300
2650, 624800
2651, 634800
2652, 628500
2653, 647700
2654, 704100
2655, 640200
2656, 660200
2657, 633800
2658, 640300
2659, 672500
2660, 656500
2661, 666700
2662, 694700
2663, 665800
2664, 650300
2665, 655800
2666, 667700
2667, 664400
2668, 661000
2669, 655600
2670, 651700
2671, 658100
2672, 649600
2673, 655600
2674, 673100
2675, 656100
2676, 659400
2677, 751700
2678, 733300
2679, 672700
2680, 658000
2681, 660700
2682, 651400
2683, 662200
2684, 662600
2685, 670100
2686, 656400
2687, 802400
2688, 815700
2689, 873200
2690, 648500
2691, 684500
2692, 663900
2693, 663300
2694, 676200
2695, 646900
2696, 664900
2697, 677000
2698, 674200
2699, 771100
2700, 824800
2701, 660700
2702, 702000
2703, 818700
2704, 660600
2705, 676600
2706, 659500
2707, 668200
2708, 666700
2709, 900300
2710, 680200
2711, 891500
2712, 720300
2713, 709700
2714, 665200
2715, 673400
2716, 718900
2717, 778200
2718, 673800
2719, 684700
2720, 653100
2721, 671300
2722, 681100
2723, 824300
2724, 672400
2725, 704700
2726, 1095400
2727, 674100
2728, 670300
2729, 663200
2730, 790200
2731, 712000
2732, 672000
2733, 736900
2734, 662200
2735, 687100
2736, 681800
2737, 756900
2738, 854300
2739, 1021200
2740, 1089300
2741, 871600
2742, 694600
2743, 948100
2744, 790300
2745, 705200
2746, 689200
2747, 690200
2748, 664700
2749, 792100
2750, 682600
2751, 679900
2752, 686900
2753, 675200
2754, 1307900
2755, 929600
2756, 1052100
2757, 1131800
2758, 658200
2759, 1056500
2760, 1308900
2761, 656200
2762, 903800
2763, 1166500
2764, 653500
2765, 1120100
2766, 885300
2767, 661300
2768, 951400
2769, 1208300
2770, 984300
2771, 657500
2772, 1168700
2773, 861200
2774, 833900
2775, 821000
2776, 1243500
2777, 1016600
2778, 696400
2779, 672000
2780, 830000
2781, 1213600
2782, 660500
2783, 675500
2784, 675900
2785, 661700
2786, 666100
2787, 664600
2788, 1003300
2789, 663200
2790, 668700
2791, 664200
2792, 658300
2793, 769300
2794, 823200
2795, 703200
2796, 664900
2797, 663600
2798, 687000
2799, 669800
2800, 694400
2801, 780900
2802, 809400
2803, 1243400
2804, 680900
2805, 898500
2806, 860400
2807, 758000
2808, 977700
2809, 679200
2810, 924400
2811, 774900
2812, 687900
2813, 696500
2814, 668900
2815, 669100
2816, 935900
2817, 672000
2818, 908500
2819, 695500
2820, 747300
2821, 865000
2822, 731700
2823, 713700
2824, 678200
2825, 699600
2826, 716700
2827, 702100
2828, 835900
2829, 833800
2830, 696600
2831, 799100
2832, 705500
2833, 846100
2834, 674200
2835, 950600
2836, 722800
2837, 688500
2838, 736700
2839, 886000
2840, 686600
2841, 688800
2842, 684700
2843, 683700
2844, 677800
2845, 678400
2846, 700800
2847, 1282200
2848, 893500
2849, 680800
2850, 689700
2851, 724700
2852, 699400
2853, 1074800
2854, 794100
2855, 1229800
2856, 923100
2857, 996100
2858, 678900
2859, 1271500
2860, 995900
2861, 683100
2862, 973200
2863, 681300
2864, 1013300
2865, 680200
2866, 923900
2867, 880100
2868, 959800
2869, 1128200
2870, 683200
2871, 734600
2872, 687200
2873, 684200
2874, 699700
2875, 788100
2876, 790400
2877, 799300
2878, 692200
2879, 853600
2880, 707000
2881, 707100
2882, 691000
2883, 700400
2884, 1230000
2885, 727100
2886, 693000
2887, 713800
2888, 893800
2889, 896600
2890, 888800
2891, 725200
2892, 966700
2893, 909100
2894, 960700
2895, 920100
2896, 926100
2897, 915700
2898, 858100
2899, 719900
2900, 1044800
2901, 731600
2902, 708900
2903, 704100
2904, 714800
2905, 710500
2906, 735600
2907, 765800
2908, 765600
2909, 735000
2910, 893000
2911, 791300
2912, 762400
2913, 749500
2914, 765200
2915, 778200
2916, 830800
2917, 1226600
2918, 906900
2919, 818900
2920, 803000
2921, 822500
2922, 750900
2923, 699400
2924, 899600
2925, 745000
2926, 1023200
2927, 748300
2928, 731400
2929, 727400
2930, 719800
2931, 719200
2932, 984100
2933, 697100
2934, 1383500
2935, 747000
2936, 817300
2937, 721100
2938, 709000
2939, 708700
2940, 702400
2941, 964900
2942, 717400
2943, 720400
2944, 701400
2945, 729400
2946, 1142600
2947, 720100
2948, 725700
2949, 754100
2950, 721000
2951, 714100
2952, 703500
2953, 709600
2954, 705600
2955, 1037900
2956, 713600
2957, 1029000
2958, 707900
2959, 948800
2960, 712700
2961, 930300
2962, 710100
2963, 888500
2964, 706400
2965, 726400
2966, 780600
2967, 719000
2968, 878800
2969, 1228200
2970, 708900
2971, 961500
2972, 710100
2973, 729300
2974, 727200
2975, 715700
2976, 764600
2977, 714600
2978, 1053100
2979, 725600
2980, 732400
2981, 716200
2982, 728900
2983, 1006500
2984, 929500
2985, 935500
2986, 846200
2987, 727900
2988, 952800
2989, 916900
2990, 732200
2991, 739800
2992, 951000
2993, 892100
2994, 717300
2995, 895800
2996, 1101000
2997, 734700
2998, 719100
2999, 782500
3000, 718800
3001, 835200
3002, 739200
3003, 1295400
3004, 760100
3005, 721400
3006, 732300
3007, 721500
3008, 735500
3009, 729500
3010, 769600
3011, 771800
3012, 772400
3013, 737600
3014, 737300
3015, 723400
3016, 732500
3017, 725600
3018, 820300
3019, 762800
3020, 750000
3021, 727700
3022, 734800
3023, 735000
3024, 725100
3025, 806600
3026, 793300
3027, 966900
3028, 736600
3029, 737600
3030, 734400
3031, 735900
3032, 738100
3033, 782900
3034, 781900
3035, 755000
3036, 736600
3037, 1071100
3038, 1330700
3039, 730300
3040, 731600
3041, 736900
3042, 1002500
3043, 744500
3044, 740500
3045, 727600
3046, 740000
3047, 736100
3048, 728300
3049, 747700
3050, 729600
3051, 735200
3052, 736100
3053, 730600
3054, 737000
3055, 750900
3056, 797100
3057, 777600
3058, 744900
3059, 751000
3060, 741200
3061, 745500
3062, 743400
3063, 811800
3064, 742900
3065, 750200
3066, 739400
3067, 744000
3068, 748000
3069, 748400
3070, 812500
3071, 740700
3072, 750800
3073, 748800
3074, 791400
3075, 749600
3076, 758300
3077, 749800
3078, 743300
3079, 806900
3080, 755300
3081, 757000
3082, 756300
3083, 754800
3084, 741000
3085, 1083100
3086, 928100
3087, 875700
3088, 890500
3089, 933900
3090, 750200
3091, 749400
3092, 754600
3093, 760000
3094, 756300
3095, 746100
3096, 900600
3097, 895400
3098, 751200
3099, 880500
3100, 748500
3101, 831400
3102, 828600
3103, 746300
3104, 766800
3105, 764100
3106, 757800
3107, 927300
3108, 830700
3109, 757200
3110, 771500
3111, 757700
3112, 920400
3113, 930700
3114, 806100
3115, 761200
3116, 765300
3117, 759200
3118, 766600
3119, 760900
3120, 775200
3121, 789400
3122, 768400
3123, 760900
3124, 765700
3125, 761700
3126, 754400
3127, 1011100
3128, 762400
3129, 754400
3130, 774900
3131, 774200
3132, 762700
3133, 756900
3134, 760500
3135, 1060200
3136, 779900
3137, 757000
3138, 775700
3139, 777100
3140, 766600
3141, 765000
3142, 1303000
3143, 771600
3144, 757800
3145, 760200
3146, 762700
3147, 768700
3148, 888200
3149, 771800
3150, 783200
3151, 758300
3152, 769800
3153, 761800
3154, 772800
3155, 794500
3156, 781100
3157, 771300
3158, 769000
3159, 771800
3160, 773800
3161, 762800
3162, 773300
3163, 774600
3164, 772000
3165, 759100
3166, 771400
3167, 769900
3168, 775100
3169, 814900
3170, 794800
3171, 778600
3172, 767900
3173, 775300
3174, 778000
3175, 781900
3176, 765200
3177, 778000
3178, 775700
3179, 774500
3180, 781100
3181, 776500
3182, 791000
3183, 777900
3184, 778300
3185, 936200
3186, 779800
3187, 809900
3188, 994000
3189, 807100
3190, 781400
3191, 783900
3192, 769900
3193, 958700
3194, 981700
3195, 965100
3196, 888600
3197, 799800
3198, 819500
3199, 933300
3200, 1004200
3201, 786600
3202, 1058800
3203, 773400
3204, 999000
3205, 1005100
3206, 888100
3207, 911200
3208, 906800
3209, 849800
3210, 1174800
3211, 869600
3212, 1000900
3213, 792800
3214, 785300
3215, 885000
3216, 1013700
3217, 881000
3218, 882000
3219, 787100
3220, 790500
3221, 786600
3222, 781000
3223, 808600
3224, 808100
3225, 829600
3226, 781600
3227, 778400
3228, 794500
3229, 791400
3230, 783700
3231, 1637800
3232, 780800
3233, 795800
3234, 802000
3235, 794200
3236, 785800
3237, 789900
3238, 916500
3239, 808600
3240, 798400
3241, 790200
3242, 807000
3243, 800300
3244, 806800
3245, 795200
3246, 1047100
3247, 806100
3248, 795800
3249, 787200
3250, 797600
3251, 788800
3252, 803100
3253, 796300
3254, 800400
3255, 797000
3256, 788000
3257, 795700
3258, 786600
3259, 804400
3260, 786900
3261, 805200
3262, 789600
3263, 806700
3264, 802200
3265, 798700
3266, 808900
3267, 899000
3268, 807500
3269, 806700
3270, 800100
3271, 805500
3272, 804400
3273, 804800
3274, 791800
3275, 942100
3276, 812900
3277, 827500
3278, 812200
3279, 803600
3280, 806100
3281, 795100
3282, 804300
3283, 831000
3284, 975700
3285, 1107400
3286, 812700
3287, 804700
3288, 940900
3289, 890500
3290, 815500
3291, 810900
3292, 814200
3293, 820100
3294, 804300
3295, 865700
3296, 1057600
3297, 886000
3298, 828400
3299, 915100
3300, 1029800
3301, 824100
3302, 1222800
3303, 956900
3304, 973200
3305, 801400
3306, 825200
3307, 814000
3308, 842500
3309, 823100
3310, 814300
3311, 800800
3312, 816000
3313, 810600
3314, 986100
3315, 813300
3316, 1115200
3317, 809600
3318, 899600
3319, 824600
3320, 1305900
3321, 1021300
3322, 885100
3323, 1027500
3324, 811100
3325, 815200
3326, 816500
3327, 816400
3328, 815700
3329, 823500
3330, 877400
3331, 826400
3332, 804600
3333, 825500
3334, 818500
3335, 825500
3336, 881500
3337, 828600
3338, 855200
3339, 827400
3340, 809200
3341, 820800
3342, 820800
3343, 915500
3344, 828900
3345, 819500
3346, 821800
3347, 815700
3348, 812600
3349, 819800
3350, 942600
3351, 821400
3352, 825000
3353, 821500
3354, 827600
3355, 823200
3356, 820700
3357, 1065200
3358, 837500
3359, 888500
3360, 1063400
3361, 1064900
3362, 1110500
3363, 1066800
3364, 1083400
3365, 941400
3366, 1074000
3367, 849300
3368, 848200
3369, 884100
3370, 829200
3371, 819500
3372, 815100
3373, 826900
3374, 819300
3375, 828900
3376, 836200
3377, 830700
3378, 827600
3379, 1300800
3380, 844400
3381, 1156000
3382, 919200
3383, 1392400
3384, 843800
3385, 943900
3386, 1094000
3387, 1072900
3388, 897200
3389, 1130500
3390, 890600
3391, 840000
3392, 834500
3393, 846600
3394, 852300
3395, 837800
3396, 1001100
3397, 839400
3398, 836500
3399, 851200
3400, 838100
3401, 834300
3402, 827700
3403, 915000
3404, 948400
3405, 833200
3406, 836500
3407, 840500
3408, 838000
3409, 870300
3410, 1014500
3411, 975000
3412, 828300
3413, 838500
3414, 849900
3415, 887100
3416, 1094500
3417, 832600
3418, 842000
3419, 841900
3420, 840900
3421, 842900
3422, 830300
3423, 1071500
3424, 840900
3425, 1000000
3426, 1190000
3427, 1175700
3428, 1738800
3429, 920300
3430, 930000
3431, 882400
3432, 846600
3433, 845600
3434, 931300
3435, 854100
3436, 849900
3437, 846400
3438, 845000
3439, 848600
3440, 846500
3441, 870800
3442, 854200
3443, 857000
3444, 837500
3445, 889900
3446, 837000
3447, 846600
3448, 843900
3449, 1132000
3450, 860800
3451, 866400
3452, 860700
3453, 851500
3454, 838600
3455, 847500
3456, 854300
3457, 856700
3458, 851300
3459, 848000
3460, 849400
3461, 850800
3462, 844400
3463, 840100
3464, 855100
3465, 967800
3466, 854400
3467, 884400
3468, 1394700
3469, 843600
3470, 882400
3471, 865000
3472, 1080200
3473, 938100
3474, 860000
3475, 867500
3476, 862000
3477, 1267700
3478, 961600
3479, 1144400
3480, 868600
3481, 857600
3482, 857900
3483, 941400
3484, 1086600
3485, 1111800
3486, 995300
3487, 868900
3488, 858700
3489, 856700
3490, 1120800
3491, 1060900
3492, 1032200
3493, 862700
3494, 886400
3495, 870400
3496, 854500
3497, 872100
3498, 1032900
3499, 996500
3500, 1119000
3501, 1269800
3502, 1090900
3503, 879400
3504, 862000
3505, 855200
3506, 865200
3507, 872000
3508, 1024800
3509, 1137900
3510, 1480100
3511, 928700
3512, 1326000
3513, 1046500
3514, 1024800
3515, 886100
3516, 1272000
3517, 906800
3518, 868600
3519, 860400
3520, 1040700
3521, 867300
3522, 870200
3523, 864500
3524, 868200
3525, 871800
3526, 870800
3527, 1128700
3528, 880400
3529, 1418100
3530, 869800
3531, 872300
3532, 871700
3533, 884000
3534, 1257200
3535, 882900
3536, 874000
3537, 863800
3538, 873200
3539, 870400
3540, 876900
3541, 869000
3542, 878000
3543, 877300
3544, 886100
3545, 1376100
3546, 881300
3547, 1171300
3548, 912500
3549, 888600
3550, 882000
3551, 875000
3552, 876400
3553, 879300
3554, 868800
3555, 891300
3556, 883400
3557, 885800
3558, 880200
3559, 871600
3560, 878000
3561, 874600
3562, 880400
3563, 909800
3564, 878000
3565, 873400
3566, 878500
3567, 881900
3568, 879500
3569, 889200
3570, 1124900
3571, 888400
3572, 893500
3573, 888300
3574, 928900
3575, 995600
3576, 890800
3577, 1089700
3578, 1038600
3579, 1147000
3580, 888200
3581, 898000
3582, 889300
3583, 963600
3584, 921600
3585, 890300
3586, 886800
3587, 894300
3588, 1102400
3589, 937600
3590, 1041400
3591, 900500
3592, 884200
3593, 890000
3594, 892500
3595, 1158900
3596, 1040000
3597, 1129200
3598, 1180400
3599, 1232700
3600, 949900
3601, 932900
3602, 953000
3603, 1111100
3604, 905500
3605, 1079400
3606, 1012700
3607, 923900
3608, 930400
3609, 889100
3610, 904600
3611, 885300
3612, 955600
3613, 1024100
3614, 896800
3615, 895500
3616, 895800
3617, 897900
3618, 893700
3619, 927900
3620, 897500
3621, 943400
3622, 899500
3623, 896600
3624, 896400
3625, 904900
3626, 896700
3627, 947700
3628, 899100
3629, 898100
3630, 891900
3631, 914400
3632, 905500
3633, 891300
3634, 911200
3635, 911200
3636, 899100
3637, 901500
3638, 898500
3639, 902000
3640, 912600
3641, 1257800
3642, 915700
3643, 892900
3644, 931200
3645, 913600
3646, 899900
3647, 917900
3648, 907200
3649, 919100
3650, 1011800
3651, 918500
3652, 913600
3653, 919900
3654, 973400
3655, 1337800
3656, 1209700
3657, 1158000
3658, 1376300
3659, 1279700
3660, 1352000
3661, 1160200
3662, 952800
3663, 1140000
3664, 1144900
3665, 1128000
3666, 1144000
3667, 1051000
3668, 1673000
3669, 906400
3670, 946500
3671, 912300
3672, 1119500
3673, 1130600
3674, 1149100
3675, 984400
3676, 898500
3677, 1212000
3678, 1020300
3679, 1664400
3680, 923100
3681, 922700
3682, 916100
3683, 903500
3684, 913300
3685, 929500
3686, 950300
3687, 930400
3688, 905100
3689, 1382500
3690, 914900
3691, 1011200
3692, 927600
3693, 914700
3694, 902000
3695, 917200
3696, 904600
3697, 1198600
3698, 1134800
3699, 1287700
3700, 919300
3701, 916200
3702, 919400
3703, 916800
3704, 918300
3705, 1120100
3706, 920000
3707, 923200
3708, 916600
3709, 920200
3710, 976800
3711, 933100
3712, 913600
3713, 1438200
3714, 915100
3715, 921700
3716, 1467300
3717, 922500
3718, 930000
3719, 936000
3720, 928500
3721, 911700
3722, 912500
3723, 920800
3724, 1049300
3725, 917500
3726, 1133800
3727, 916500
3728, 925400
3729, 925400
3730, 959900
3731, 925700
3732, 928200
3733, 926900
3734, 929900
3735, 928600
3736, 926600
3737, 1745400
3738, 917900
3739, 928900
3740, 1233300
3741, 930700
3742, 966300
3743, 929700
3744, 951800
3745, 922700
3746, 937500
3747, 965900
3748, 942200
3749, 929300
3750, 932700
3751, 934300
3752, 936500
3753, 932400
3754, 931600
3755, 941000
3756, 930900
3757, 1518900
3758, 975300
3759, 951300
3760, 938100
3761, 960100
3762, 943500
3763, 930100
3764, 951200
3765, 977000
3766, 1065800
3767, 938600
3768, 926400
3769, 1154400
3770, 986500
3771, 940800
3772, 935800
3773, 939300
3774, 1644200
3775, 1754200
3776, 984900
3777, 940800
3778, 939700
3779, 930900
3780, 958300
3781, 1006100
3782, 961500
3783, 1145500
3784, 947100
3785, 935600
3786, 939200
3787, 941700
3788, 1309200
3789, 940700
3790, 944100
3791, 935700
3792, 943700
3793, 942000
3794, 1027000
3795, 942900
3796, 947500
3797, 945200
3798, 949200
3799, 930400
3800, 944900
3801, 945200
3802, 954500
3803, 954500
3804, 955800
3805, 954800
3806, 957200
3807, 935000
3808, 946800
3809, 974700
3810, 939500
3811, 1407400
3812, 950100
3813, 945300
3814, 940300
3815, 949900
3816, 941300
3817, 950200
3818, 949200
3819, 955700
3820, 937300
3821, 950900
3822, 966300
3823, 1023300
3824, 970500
3825, 949800
3826, 951600
3827, 985900
3828, 1237500
3829, 1207800
3830, 953500
3831, 959200
3832, 952000
3833, 952900
3834, 1157300
3835, 1549700
3836, 1185100
3837, 1253500
3838, 1417700
3839, 1236100
3840, 1205700
3841, 1388800
3842, 1024000
3843, 1002300
3844, 1010800
3845, 1009700
3846, 1067600
3847, 950500
3848, 968000
3849, 1013500
3850, 1232300
3851, 974800
3852, 981600
3853, 978800
3854, 1091700
3855, 1022800
3856, 1008600
3857, 999400
3858, 952500
3859, 1044700
3860, 960500
3861, 976800
3862, 1004700
3863, 1132900
3864, 959600
3865, 994400
3866, 961700
3867, 962100
3868, 985400
3869, 1006800
3870, 967400
3871, 1144700
3872, 1074500
3873, 965300
3874, 1026600
3875, 967300
3876, 1211600
3877, 952900
3878, 962700
3879, 964500
3880, 967200
3881, 969000
3882, 969100
3883, 969000
3884, 955000
3885, 963200
3886, 990700
3887, 970100
3888, 970700
3889, 959400
3890, 969600
3891, 957900
3892, 969000
3893, 1000100
3894, 969900
3895, 970200
3896, 963400
3897, 967400
3898, 972400
3899, 976800
3900, 973700
3901, 1598500
3902, 977700
3903, 976600
3904, 1300100
3905, 1525900
3906, 1036300
3907, 986600
3908, 971400
3909, 972900
3910, 971300
3911, 984200
3912, 992500
3913, 985600
3914, 984000
3915, 968100
3916, 972000
3917, 972900
3918, 975700
3919, 977200
3920, 981000
3921, 1091600
3922, 974300
3923, 1040600
3924, 1085800
3925, 1061300
3926, 1190500
3927, 1014500
3928, 992300
3929, 1078900
3930, 985300
3931, 991000
3932, 1017900
3933, 993800
3934, 1081600
3935, 1112500
3936, 1026900
3937, 975700
3938, 983500
3939, 986700
3940, 982700
3941, 982900
3942, 983600
3943, 978400
3944, 981500
3945, 983900
3946, 982400
3947, 993200
3948, 1013500
3949, 989100
3950, 981700
3951, 983700
3952, 985300
3953, 986000
3954, 1135300
3955, 991900
3956, 990000
3957, 988500
3958, 989700
3959, 988600
3960, 1481700
3961, 1503000
3962, 979500
3963, 991200
3964, 991000
3965, 980500
3966, 982300
3967, 999100
3968, 998200
3969, 985700
3970, 973800
3971, 995100
3972, 980000
3973, 999200
3974, 991000
3975, 997000
3976, 994500
3977, 1003300
3978, 1527700
3979, 1357100
3980, 992700
3981, 996000
3982, 993200
3983, 991200
3984, 982400
3985, 1075800
3986, 989000
3987, 1006700
3988, 1213500
3989, 993300
3990, 1169300
3991, 1155600
3992, 1316500
3993, 1011900
3994, 1086700
3995, 1009000
3996, 1034000
3997, 988800
3998, 1148200
3999, 1191900
4000, 1311300
4001, 1043400
4002, 1034200
4003, 1053600
4004, 1270100
4005, 1144100
4006, 1060900
4007, 1032800
4008, 994300
4009, 995600
4010, 990200
4011, 989900
4012, 1208600
4013, 1363600
4014, 1103200
4015, 1088700
4016, 1009900
4017, 1212400
4018, 1259900
4019, 1140000
4020, 1559700
4021, 1023400
4022, 1189900
4023, 1141000
4024, 1018700
4025, 1018000
4026, 1026500
4027, 1006600
4028, 1006300
4029, 1304500
4030, 1013500
4031, 1037700
4032, 1012100
4033, 1056700
4034, 1008400
4035, 1020700
4036, 1003700
4037, 997000
4038, 1010300
4039, 1003500
4040, 1034200
4041, 1040200
4042, 1074300
4043, 1034100
4044, 1010100
4045, 1003600
4046, 1009500
4047, 1013200
4048, 1023900
4049, 1011000
4050, 1033100
4051, 1014500
4052, 1012700
4053, 1014800
4054, 1085700
4055, 1021800
4056, 1005300
4057, 1017000
4058, 1012100
4059, 1003900
4060, 1015400
4061, 1051100
4062, 1014100
4063, 1005800
4064, 1011600
4065, 1012200
4066, 1016800
4067, 1282500
4068, 1020000
4069, 1014700
4070, 1017200
4071, 1016000
4072, 1037800
4073, 1036800
4074, 1027500
4075, 1020100
4076, 1019100
4077, 1013300
4078, 1011400
4079, 1018100
4080, 1011900
4081, 1274200
4082, 1382000
4083, 1057400
4084, 1016600
4085, 1013100
4086, 1372400
4087, 1610800
4088, 1066500
4089, 1058100
4090, 1065900
4091, 1017100
4092, 1052000
4093, 1018200
4094, 1032300
4095, 1031500
4096, 1027800
4097, 1520200
4098, 1027200
4099, 1066100
4100, 1038000
4101, 1027400
4102, 1502900
4103, 1033000
4104, 1104200
4105, 1053800
4106, 1035700
4107, 1039700
4108, 1052600
4109, 1055000
4110, 1284900
4111, 1096800
4112, 1071000
4113, 1015700
4114, 1559100
4115, 1032600
4116, 1019300
4117, 1095100
4118, 1058600
4119, 2070800
4120, 1030900
4121, 1127000
4122, 1019300
4123, 1242700
4124, 1030600
4125, 1042300
4126, 1040300
4127, 1038000
4128, 1057100
4129, 1100000
4130, 1326100
4131, 1038700
4132, 1042400
4133, 1110900
4134, 1094100
4135, 1060900
4136, 1042600
4137, 1248500
4138, 1151700
4139, 1194100
4140, 1067500
4141, 1045800
4142, 1040000
4143, 1061500
4144, 1050400
4145, 1038600
4146, 1076400
4147, 1048500
4148, 1055000
4149, 1058000
4150, 1044100
4151, 1051500
4152, 1848300
4153, 2370900
4154, 1102700
4155, 1129000
4156, 1051900
4157, 1049200
4158, 1210700
4159, 1092600
4160, 1044700
4161, 1048000
4162, 1058400
4163, 1038000
4164, 1080300
4165, 1329200
4166, 1052100
4167, 1105100
4168, 1061700
4169, 1050800
4170, 1053000
4171, 1076000
4172, 1237300
4173, 1590700
4174, 1054700
4175, 1083800
4176, 1074100
4177, 1061900
4178, 1225400
4179, 1598700
4180, 1262200
4181, 1400300
4182, 1049200
4183, 1046300
4184, 1050100
4185, 1043400
4186, 1051100
4187, 1052700
4188, 1532200
4189, 1045500
4190, 1059700
4191, 1078500
4192, 1156800
4193, 1425000
4194, 1057000
4195, 1052800
4196, 1064100
4197, 1061400
4198, 1409400
4199, 1052000
4200, 1108200
4201, 1057100
4202, 1054600
4203, 1048900
4204, 1047000
4205, 1108200
4206, 1064900
4207, 1044800
4208, 1045000
4209, 1065200
4210, 1062000
4211, 1056800
4212, 1058700
4213, 1061300
4214, 1046600
4215, 1057200
4216, 1066600
4217, 1061600
4218, 1071500
4219, 1056300
4220, 1060700
4221, 1053400
4222, 1075000
4223, 1066300
4224, 1070800
4225, 1066500
4226, 1140800
4227, 1057100
4228, 1077200
4229, 1056700
4230, 1060200
4231, 1197100
4232, 1075400
4233, 1075900
4234, 1125100
4235, 1083100
4236, 1069700
4237, 1071000
4238, 1115500
4239, 1155900
4240, 1084400
4241, 1074700
4242, 1073500
4243, 1191000
4244, 1579100
4245, 1109700
4246, 1068400
4247, 1096900
4248, 1086500
4249, 1064600
4250, 1188400
4251, 1315200
4252, 1076300
4253, 1071400
4254, 1063300
4255, 1089400
4256, 1167100
4257, 1076900
4258, 1078500
4259, 1077800
4260, 1069900
4261, 1462500
4262, 1394200
4263, 1344600
4264, 1312000
4265, 1246800
4266, 1346800
4267, 1118300
4268, 1091700
4269, 1081500
4270, 1568000
4271, 1080700
4272, 1112200
4273, 1134400
4274, 1499300
4275, 1110700
4276, 1407400
4277, 1079900
4278, 1082600
4279, 1117700
4280, 1094600
4281, 1629100
4282, 1102800
4283, 1080400
4284, 1104900
4285, 1108700
4286, 1120200
4287, 1153100
4288, 2104400
4289, 1903800
4290, 1420200
4291, 1316500
4292, 1255000
4293, 1386400
4294, 1244500
4295, 1971400
4296, 1340300
4297, 1126000
4298, 1189800
4299, 1156700
4300, 1445400
4301, 1267400
4302, 1432000
4303, 1430300
4304, 1297400
4305, 1081000
4306, 1093400
4307, 1089300
4308, 1098200
4309, 1094800
4310, 1771200
4311, 1122000
4312, 1088400
4313, 1097000
4314, 1092100
4315, 1100300
4316, 1100400
4317, 1101200
4318, 1662600
4319, 1099700
4320, 1148300
4321, 1107300
4322, 1082400
4323, 1099000
4324, 1132400
4325, 1569300
4326, 1413500
4327, 1100500
4328, 1097300
4329, 1108000
4330, 1647500
4331, 1101700
4332, 1117200
4333, 1084300
4334, 1100800
4335, 1134700
4336, 1349300
4337, 1102000
4338, 1111800
4339, 1093700
4340, 1112100
4341, 1102200
4342, 1144000
4343, 1114300
4344, 1182900
4345, 1124300
4346, 1348600
4347, 1154300
4348, 1129800
4349, 1087400
4350, 1100400
4351, 1112600
4352, 1106900
4353, 1215800
4354, 1130500
4355, 1157200
4356, 1103000
4357, 1099300
4358, 1244200
4359, 1127900
4360, 1295100
4361, 1114600
4362, 1093000
4363, 1102700
4364, 1418900
4365, 1097000
4366, 1331000
4367, 1091400
4368, 1111900
4369, 1101000
4370, 1118600
4371, 1100900
4372, 1109500
4373, 1116300
4374, 1100000
4375, 1116600
4376, 1111800
4377, 1108300
4378, 1122000
4379, 1387300
4380, 1172600
4381, 1129900
4382, 1101000
4383, 1107000
4384, 1314300
4385, 1343800
4386, 1108600
4387, 1096200
4388, 1107000
4389, 1125900
4390, 1099800
4391, 1116800
4392, 1133400
4393, 1140200
4394, 1162500
4395, 1106700
4396, 1110200
4397, 1463500
4398, 1115900
4399, 1248800
4400, 1160100
4401, 1129100
4402, 1118800
4403, 2585000
4404, 1167500
4405, 1424600
4406, 1352700
4407, 1232300
4408, 1177200
4409, 1572600
4410, 1234000
4411, 1346000
4412, 1145200
4413, 1109600
4414, 1341100
4415, 1226800
4416, 1205900
4417, 1341800
4418, 1135200
4419, 1121400
4420, 1103700
4421, 1298000
4422, 1225900
4423, 1189000
4424, 1443500
4425, 1229900
4426, 1217400
4427, 1232600
4428, 1166300
4429, 1132100
4430, 1118900
4431, 1122900
4432, 1162900
4433, 1139400
4434, 1112600
4435, 1117600
4436, 1112100
4437, 1122700
4438, 1108100
4439, 1119700
4440, 1142300
4441, 1116400
4442, 1126700
4443, 1118800
4444, 1112300
4445, 1146100
4446, 1126000
4447, 1128800
4448, 1124000
4449, 1111500
4450, 1165100
4451, 1126900
4452, 1123600
4453, 1122000
4454, 1160200
4455, 1117600
4456, 1123700
4457, 1139800
4458, 1128600
4459, 1120700
4460, 1134100
4461, 1129300
4462, 1203900
4463, 1148000
4464, 1118600
4465, 1254400
4466, 1132800
4467, 1271400
4468, 1137500
4469, 1137200
4470, 1127000
4471, 1153800
4472, 1210000
4473, 1139400
4474, 1509500
4475, 1457300
4476, 1515900
4477, 1243000
4478, 1169900
4479, 1134200
4480, 1344000
4481, 1193500
4482, 1137300
4483, 1182000
4484, 1133300
4485, 1606300
4486, 1151800
4487, 1184500
4488, 1479100
4489, 1224600
4490, 1579500
4491, 1202900
4492, 1140600
4493, 1154100
4494, 1151200
4495, 2121400
4496, 1466900
4497, 1288300
4498, 1144400
4499, 1377700
4500, 1727800
4501, 1253500
4502, 1143100
4503, 1131400
4504, 1139400
4505, 1139800
4506, 1169800
4507, 1148600
4508, 1138200
4509, 1139600
4510, 1141800
4511, 1405000
4512, 1140200
4513, 1469800
4514, 1165500
4515, 1144500
4516, 1132200
4517, 1148100
4518, 1141900
4519, 1216800
4520, 1148200
4521, 1145500
4522, 1145000
4523, 1136300
4524, 1152500
4525, 1238500
4526, 1158000
4527, 1147800
4528, 1136000
4529, 1148700
4530, 1210700
4531, 1136300
4532, 1148700
4533, 1139900
4534, 1141200
4535, 1143400
4536, 1146200
4537, 1263400
4538, 1157400
4539, 1149100
4540, 1150100
4541, 1537600
4542, 1466000
4543, 1302400
4544, 1154700
4545, 1145200
4546, 1144100
4547, 1143700
4548, 1157100
4549, 1155100
4550, 1161700
4551, 1161900
4552, 1144300
4553, 1151200
4554, 1145800
4555, 2181900
4556, 1158900
4557, 1180500
4558, 1231800
4559, 1155400
4560, 1160300
4561, 1483900
4562, 1460000
4563, 1161300
4564, 1334500
4565, 1206100
4566, 1503000
4567, 1181400
4568, 1204900
4569, 1245700
4570, 1171900
4571, 1148400
4572, 1154500
4573, 1342100
4574, 1501700
4575, 1333200
4576, 1310100
4577, 1245200
4578, 1574600
4579, 1320400
4580, 1282400
4581, 1464300
4582, 1173600
4583, 1676100
4584, 1432300
4585, 1187600
4586, 1234500
4587, 1559300
4588, 1345500
4589, 1195200
4590, 1334900
4591, 1311400
4592, 1335200
4593, 1499600
4594, 1241400
4595, 1160700
4596, 1418000
4597, 1165500
4598, 1155100
4599, 1168400
4600, 1179200
4601, 1167600
4602, 1250200
4603, 1168300
4604, 1167700
4605, 1165200
4606, 1174800
4607, 1389900
4608, 1163900
4609, 1180100
4610, 1176300
4611, 1172900
4612, 1718700
4613, 1159700
4614, 1167200
4615, 1185200
4616, 1166100
4617, 1162300
4618, 1168900
4619, 1165100
4620, 1195500
4621, 1182900
4622, 1178900
4623, 1171400
4624, 1158800
4625, 1217300
4626, 1175400
4627, 1170800
4628, 1175000
4629, 1164600
4630, 1159200
4631, 1172900
4632, 1347800
4633, 1182100
4634, 1164800
4635, 1164000
4636, 1178400
4637, 1176200
4638, 1469400
4639, 1171500
4640, 1256900
4641, 1515800
4642, 1285400
4643, 1352200
4644, 1175600
4645, 1174300
4646, 1167200
4647, 1180800
4648, 1180400
4649, 1542600
4650, 1443400
4651, 1260700
4652, 1215700
4653, 1183000
4654, 1181200
4655, 1652900
4656, 1401400
4657, 1663300
4658, 1669100
4659, 1340200
4660, 1576800
4661, 1258900
4662, 1486600
4663, 1878100
4664, 1782200
4665, 1854100
4666, 1586200
4667, 1526400
4668, 1636100
4669, 1358500
4670, 1674700
4671, 1586100
4672, 1229000
4673, 1225200
4674, 1502600
4675, 1198900
4676, 1188400
4677, 1183500
4678, 1191600
4679, 1235500
4680, 1206400
4681, 1193400
4682, 1202300
4683, 1189900
4684, 1185400
4685, 1575300
4686, 1205400
4687, 1182600
4688, 1193100
4689, 1201300
4690, 1189900
4691, 1207600
4692, 1195200
4693, 1198700
4694, 1182800
4695, 1197300
4696, 1184100
4697, 1506100
4698, 1245100
4699, 1531800
4700, 1196300
4701, 1182500
4702, 1197800
4703, 1209100
4704, 1464700
4705, 1202200
4706, 1194000
4707, 1197200
4708, 1198300
4709, 1192900
4710, 1187700
4711, 1205300
4712, 1194100
4713, 1257100
4714, 1486200
4715, 1209200
4716, 1203800
4717, 1220100
4718, 1204900
4719, 1500100
4720, 1407100
4721, 1246700
4722, 1471500
4723, 1255100
4724, 1331600
4725, 1225100
4726, 1643900
4727, 1634000
4728, 2232100
4729, 1206400
4730, 1190800
4731, 1207000
4732, 1198600
4733, 1477700
4734, 2094500
4735, 1227300
4736, 1609900
4737, 1211700
4738, 1366600
4739, 1249000
4740, 1239700
4741, 1234900
4742, 1205000
4743, 1227600
4744, 1222300
4745, 1529500
4746, 1690600
4747, 1211200
4748, 1274800
4749, 1276000
4750, 1733800
4751, 1201500
4752, 1213100
4753, 1718100
4754, 1201700
4755, 1203900
4756, 1224500
4757, 1210300
4758, 1209400
4759, 1228100
4760, 1216700
4761, 1199800
4762, 1230800
4763, 1207600
4764, 1275300
4765, 1217700
4766, 1200300
4767, 1324600
4768, 1548300
4769, 1596000
4770, 1229100
4771, 1216600
4772, 1219900
4773, 1700900
4774, 1209800
4775, 1314700
4776, 1597600
4777, 1228400
4778, 1269600
4779, 1218200
4780, 1216800
4781, 1256700
4782, 1219700
4783, 1221200
4784, 1220500
4785, 1214900
4786, 1212600
4787, 1225600
4788, 1211100
4789, 1214300
4790, 1219100
4791, 1218100
4792, 1222000
4793, 1211000
4794, 1978200
4795, 2165300
4796, 3225900
4797, 1650500
4798, 1600600
4799, 1591200
4800, 1898100
4801, 1711400
4802, 1269300
4803, 1654800
4804, 1314600
4805, 1479600
4806, 1232300
4807, 1617600
4808, 1247400
4809, 2147800
4810, 1228300
4811, 1480800
4812, 1240500
4813, 1251100
4814, 1229300
4815, 1230600
4816, 1473500
4817, 1224200
4818, 1243700
4819, 1235700
4820, 1249300
4821, 1230000
4822, 1243400
4823, 1236900
4824, 1243400
4825, 1259300
4826, 1237200
4827, 1641200
4828, 1361000
4829, 1231200
4830, 1236600
4831, 1227800
4832, 1232000
4833, 2154800
4834, 1241000
4835, 1221800
4836, 1233500
4837, 1240100
4838, 1238400
4839, 1237600
4840, 2264400
4841, 1231700
4842, 1581600
4843, 1236900
4844, 1306700
4845, 1346100
4846, 1228800
4847, 1249700
4848, 1236500
4849, 1254400
4850, 1423600
4851, 1551500
4852, 1290600
4853, 1259500
4854, 1238800
4855, 1246800
4856, 1462500
4857, 1253300
4858, 1242100
4859, 1507200
4860, 1240800
4861, 1333500
4862, 1410300
4863, 1227900
4864, 1267000
4865, 1259100
4866, 1405200
4867, 1339000
4868, 1268300
4869, 1253200
4870, 1263500
4871, 1240500
4872, 1244600
4873, 1417500
4874, 1265700
4875, 1245000
4876, 1261600
4877, 1288200
4878, 1299000
4879, 1253500
4880, 1266000
4881, 1251200
4882, 1510700
4883, 1622500
4884, 1305900
4885, 1268800
4886, 1298400
4887, 1307800
4888, 1301000
4889, 1411200
4890, 1275500
4891, 1258300
4892, 1257600
4893, 1321400
4894, 1417400
4895, 1300200
4896, 1254300
4897, 1258900
4898, 1243600
4899, 1950700
4900, 1549300
4901, 1273900
4902, 1263300
4903, 1260500
4904, 1262400
4905, 1259700
4906, 1275200
4907, 1244000
4908, 1286300
4909, 1262800
4910, 1384500
4911, 1270200
4912, 1257800
4913, 1260500
4914, 1249400
4915, 1263000
4916, 1343700
4917, 1262200
4918, 1261600
4919, 1251300
4920, 1334500
4921, 1259500
4922, 1253300
4923, 1562600
4924, 1265000
4925, 1265300
4926, 1270400
4927, 1257200
4928, 1259400
4929, 1262900
4930, 1505400
4931, 1265400
4932, 1257900
4933, 1264300
4934, 1261800
4935, 1507500
4936, 1271900
4937, 1264000
4938, 1261900
4939, 1257000
4940, 1267700
4941, 1268400
4942, 1261400
4943, 1253300
4944, 1253300
4945, 1262700
4946, 1292100
4947, 1314200
4948, 1261000
4949, 1276500
4950, 1266300
4951, 1879900
4952, 1332500
4953, 1465300
4954, 1516500
4955, 1383400
4956, 1267000
4957, 1561400
4958, 1490700
4959, 1769200
4960, 1280700
4961, 1265000
4962, 1277100
4963, 1679400
4964, 1285000
4965, 1751600
4966, 1791300
4967, 1275400
4968, 1289000
4969, 1578300
4970, 1316400
4971, 1281500
4972, 1266500
4973, 1422800
4974, 1310200
4975, 1429400
4976, 1324500
4977, 1273300
4978, 1265700
4979, 1613600
4980, 1383000
4981, 1253000
4982, 1268800
4983, 1386600
4984, 1306900
4985, 1451200
4986, 1311600
4987, 1283300
4988, 1312900
4989, 1292100
4990, 1470600
4991, 1324200
4992, 1266400
4993, 1273400
4994, 1274600
4995, 1270100
4996, 1280200
4997, 1343000
4998, 1326100
4999, 1295400
5000, 1292100
