Array Size, Time Taken (nanoseconds)
3, 1800
4, 500
5, 400
6, 500
7, 600
8, 700
9, 800
10, 900
11, 900
12, 900
13, 1300
14, 1200
15, 1300
16, 1300
17, 16300
18, 2400
19, 2200
20, 2100
21, 2400
22, 2400
23, 2100
24, 2400
25, 2600
26, 2400
27, 2700
28, 2900
29, 3500
30, 3200
31, 3400
32, 3600
33, 3600
34, 3200
35, 3900
36, 3600
37, 4300
38, 3700
39, 4200
40, 4000
41, 3900
42, 3800
43, 3600
44, 3800
45, 3900
46, 3900
47, 4100
48, 4200
49, 4300
50, 4400
51, 4500
52, 4500
53, 4600
54, 5000
55, 4900
56, 5400
57, 5200
58, 5300
59, 5400
60, 6000
61, 5800
62, 5700
63, 5900
64, 6300
65, 6600
66, 7000
67, 6400
68, 6900
69, 6800
70, 6800
71, 7100
72, 7300
73, 7500
74, 7400
75, 7800
76, 7700
77, 8200
78, 7900
79, 8000
80, 8400
81, 9100
82, 9000
83, 8900
84, 9200
85, 8800
86, 8900
87, 9100
88, 10200
89, 10000
90, 10000
91, 10000
92, 10700
93, 10500
94, 10200
95, 10200
96, 11000
97, 11200
98, 11700
99, 11400
100, 11300
101, 11800
102, 12000
103, 12600
104, 12900
105, 12300
106, 11700
107, 12800
108, 12800
109, 12400
110, 12900
111, 13300
112, 13900
113, 13900
114, 14000
115, 13800
116, 14400
117, 14500
118, 14600
119, 14200
120, 14800
121, 15000
122, 15500
123, 15100
124, 15600
125, 15600
126, 15800
127, 16200
128, 15900
129, 16200
130, 16800
131, 16400
132, 17800
133, 20900
134, 19800
135, 22100
136, 17600
137, 17500
138, 18300
139, 17500
140, 17600
141, 18200
142, 18200
143, 18100
144, 18000
145, 18700
146, 19300
147, 19600
148, 19800
149, 20200
150, 19900
151, 20200
152, 20200
153, 20600
154, 21000
155, 20900
156, 20800
157, 21700
158, 21200
159, 21100
160, 21100
161, 22000
162, 21900
163, 21300
164, 22500
165, 22400
166, 21800
167, 22300
168, 22800
169, 23400
170, 23600
171, 23500
172, 23600
173, 22800
174, 23300
175, 23300
176, 23600
177, 23700
178, 23700
179, 24200
180, 24000
181, 24500
182, 28700
183, 23800
184, 24400
185, 24600
186, 24600
187, 24600
188, 25100
189, 24400
190, 24700
191, 24800
192, 25000
193, 25100
194, 25100
195, 25700
196, 25700
197, 25500
198, 25600
199, 26000
200, 25800
201, 25900
202, 26300
203, 25900
204, 26600
205, 26200
206, 25700
207, 26100
208, 26300
209, 26400
210, 26300
211, 26500
212, 27100
213, 26800
214, 26600
215, 26700
216, 27100
217, 30300
218, 32000
219, 27600
220, 28500
221, 27800
222, 27500
223, 28000
224, 27900
225, 28000
226, 28300
227, 28000
228, 28600
229, 27600
230, 28300
231, 28600
232, 28300
233, 28500
234, 28200
235, 28100
236, 29300
237, 28500
238, 28200
239, 28200
240, 28200
241, 28700
242, 28300
243, 28300
244, 28600
245, 28400
246, 27800
247, 28000
248, 28400
249, 29200
250, 28600
251, 28600
252, 32400
253, 35900
254, 29900
255, 28000
256, 28400
257, 28700
258, 28800
259, 28700
260, 29400
261, 29700
262, 29000
263, 28600
264, 28800
265, 29700
266, 29400
267, 29600
268, 29200
269, 30000
270, 29300
271, 29100
272, 28700
273, 30200
274, 29300
275, 29500
276, 29800
277, 29700
278, 29400
279, 29600
280, 30300
281, 30100
282, 30800
283, 30300
284, 30000
285, 29700
286, 30200
287, 29800
288, 30400
289, 29700
290, 30300
291, 30000
292, 30400
293, 29900
294, 29900
295, 30300
296, 30600
297, 30900
298, 30400
299, 30500
300, 30500
301, 30100
302, 30100
303, 30600
304, 30600
305, 30800
306, 30900
307, 30500
308, 30900
309, 30500
310, 30300
311, 31000
312, 31000
313, 31100
314, 30300
315, 30600
316, 30900
317, 31100
318, 30900
319, 30400
320, 31400
321, 31300
322, 31200
323, 31200
324, 30800
325, 31100
326, 30900
327, 30800
328, 31600
329, 32000
330, 31800
331, 31600
332, 31300
333, 31000
334, 31100
335, 31500
336, 31100
337, 31200
338, 32300
339, 31100
340, 31800
341, 31300
342, 32000
343, 31700
344, 32000
345, 32200
346, 32200
347, 31300
348, 32000
349, 31300
350, 31900
351, 31800
352, 31900
353, 32500
354, 32000
355, 32100
356, 31900
357, 32600
358, 32000
359, 32800
360, 32400
361, 33200
362, 32900
363, 32200
364, 32200
365, 32300
366, 33100
367, 32600
368, 32700
369, 32700
370, 32100
371, 32300
372, 32400
373, 32600
374, 32600
375, 33100
376, 33000
377, 33000
378, 32600
379, 32700
380, 33100
381, 33600
382, 33500
383, 33200
384, 33700
385, 34100
386, 33300
387, 33700
388, 33800
389, 33300
390, 34400
391, 34300
392, 33900
393, 34400
394, 34300
395, 33900
396, 33700
397, 34200
398, 35100
399, 43200
400, 35400
401, 34800
402, 34100
403, 34000
404, 33900
405, 33800
406, 33500
407, 33700
408, 35100
409, 34900
410, 34900
411, 34800
412, 34400
413, 34400
414, 34200
415, 36100
416, 36600
417, 35400
418, 34500
419, 34900
420, 34800
421, 34200
422, 34200
423, 34600
424, 35400
425, 35300
426, 35400
427, 34900
428, 41700
429, 35600
430, 35100
431, 35000
432, 35500
433, 35300
434, 34900
435, 34700
436, 35000
437, 35100
438, 34700
439, 35300
440, 35700
441, 35400
442, 35000
443, 35800
444, 35600
445, 35700
446, 35500
447, 35500
448, 35800
449, 36100
450, 35600
451, 35600
452, 35200
453, 35200
454, 35100
455, 35300
456, 36500
457, 36200
458, 36100
459, 36000
460, 35800
461, 36100
462, 36300
463, 35800
464, 35500
465, 36100
466, 35600
467, 35400
468, 35500
469, 35700
470, 35700
471, 36100
472, 36300
473, 36100
474, 36200
475, 36500
476, 35900
477, 35600
478, 35700
479, 35700
480, 35700
481, 36500
482, 36100
483, 36000
484, 35700
485, 35800
486, 35500
487, 36000
488, 36100
489, 36600
490, 36300
491, 36400
492, 35800
493, 35900
494, 35900
495, 36000
496, 35800
497, 36800
498, 36000
499, 36100
500, 36400
501, 35900
502, 35700
503, 36500
504, 36100
505, 36300
506, 36700
507, 36500
508, 36800
509, 36500
510, 36400
511, 36600
512, 37500
513, 37400
514, 37000
515, 36700
516, 37500
517, 37000
518, 37300
519, 37000
520, 39000
521, 38400
522, 38400
523, 38100
524, 37600
525, 37900
526, 37700
527, 37500
528, 37500
529, 37800
530, 37300
531, 37200
532, 37800
533, 41300
534, 37200
535, 37200
536, 38600
537, 38100
538, 37700
539, 37900
540, 37900
541, 37600
542, 37500
543, 37500
544, 37800
545, 37900
546, 38100
547, 37600
548, 37800
549, 37800
550, 37700
551, 38100
552, 38500
553, 38300
554, 38200
555, 38000
556, 38700
557, 38200
558, 38600
559, 42000
560, 38100
561, 37900
562, 37600
563, 38000
564, 38100
565, 37900
566, 38300
567, 38200
568, 38500
569, 37900
570, 38200
571, 38400
572, 38800
573, 38500
574, 38900
575, 37900
576, 38300
577, 38400
578, 38700
579, 38300
580, 38300
581, 38700
582, 38900
583, 38700
584, 39200
585, 38900
586, 38300
587, 38900
588, 55100
589, 38800
590, 38700
591, 38600
592, 38800
593, 38500
594, 38500
595, 38400
596, 38600
597, 38400
598, 39000
599, 38900
600, 39500
601, 39000
602, 39200
603, 45700
604, 47400
605, 47400
606, 48100
607, 50200
608, 51000
609, 48200
610, 50700
611, 51900
612, 49700
613, 47700
614, 53200
615, 54500
616, 52600
617, 55200
618, 54400
619, 54900
620, 51200
621, 51700
622, 51700
623, 49200
624, 50700
625, 51400
626, 53800
627, 56700
628, 54200
629, 51900
630, 52100
631, 119100
632, 57600
633, 51800
634, 51000
635, 54500
636, 53900
637, 55500
638, 56300
639, 57400
640, 56100
641, 55200
642, 55300
643, 57900
644, 56300
645, 55400
646, 56500
647, 57500
648, 55500
649, 57800
650, 57300
651, 55700
652, 55900
653, 57000
654, 56200
655, 55700
656, 55400
657, 57100
658, 56300
659, 58300
660, 57600
661, 56000
662, 56500
663, 58200
664, 59000
665, 56700
666, 57400
667, 59200
668, 58400
669, 58200
670, 60700
671, 58200
672, 57700
673, 60100
674, 59400
675, 60900
676, 60300
677, 58700
678, 60500
679, 62100
680, 61000
681, 59700
682, 62200
683, 60500
684, 62600
685, 60700
686, 61700
687, 61500
688, 61600
689, 61000
690, 60600
691, 61500
692, 62700
693, 61500
694, 63400
695, 60600
696, 57400
697, 57400
698, 57600
699, 58500
700, 60000
701, 59100
702, 58700
703, 57500
704, 50100
705, 46000
706, 46100
707, 45500
708, 46100
709, 45800
710, 45700
711, 45500
712, 45200
713, 45600
714, 46400
715, 45200
716, 45600
717, 46100
718, 46500
719, 45700
720, 46000
721, 46200
722, 45500
723, 45700
724, 46000
725, 46700
726, 46700
727, 46500
728, 46400
729, 46200
730, 46200
731, 46400
732, 46100
733, 46500
734, 46600
735, 46800
736, 45900
737, 46000
738, 46400
739, 46300
740, 46600
741, 46200
742, 46500
743, 46400
744, 46400
745, 46200
746, 46500
747, 46400
748, 46300
749, 46900
750, 46600
751, 46200
752, 46400
753, 46800
754, 47000
755, 46200
756, 46900
757, 46600
758, 46600
759, 46400
760, 46900
761, 46400
762, 47200
763, 46600
764, 46800
765, 46800
766, 46200
767, 46700
768, 47100
769, 47500
770, 47800
771, 47100
772, 46800
773, 46400
774, 46900
775, 47200
776, 47100
777, 46800
778, 47300
779, 46700
780, 46600
781, 46700
782, 47100
783, 46300
784, 46600
785, 47300
786, 46900
787, 46800
788, 47000
789, 48800
790, 48500
791, 48100
792, 48100
793, 47900
794, 48500
795, 48200
796, 47800
797, 48200
798, 48100
799, 48200
800, 47600
801, 47700
802, 48500
803, 48000
804, 47500
805, 48200
806, 47600
807, 47200
808, 48100
809, 47900
810, 49300
811, 47800
812, 47800
813, 47900
814, 48000
815, 47600
816, 48000
817, 47800
818, 48100
819, 48400
820, 47900
821, 48500
822, 48100
823, 47700
824, 48500
825, 48200
826, 48200
827, 48800
828, 48600
829, 48400
830, 48000
831, 48600
832, 47900
833, 48100
834, 48300
835, 49000
836, 48600
837, 48800
838, 48500
839, 48000
840, 47500
841, 47800
842, 48700
843, 48300
844, 47700
845, 49400
846, 48600
847, 48100
848, 48400
849, 48500
850, 48700
851, 48300
852, 48300
853, 49300
854, 48700
855, 48000
856, 48300
857, 47700
858, 48400
859, 48500
860, 48300
861, 48500
862, 48600
863, 48300
864, 47800
865, 48200
866, 48400
867, 48400
868, 48200
869, 48400
870, 48400
871, 48300
872, 48200
873, 48100
874, 49000
875, 48400
876, 48500
877, 49400
878, 48900
879, 48300
880, 48800
881, 48700
882, 49100
883, 49000
884, 49400
885, 49300
886, 49300
887, 49100
888, 49300
889, 49300
890, 49200
891, 49200
892, 49400
893, 49200
894, 49000
895, 49000
896, 48800
897, 49500
898, 50200
899, 49000
900, 49200
901, 49400
902, 71400
903, 49700
904, 49400
905, 49300
906, 49700
907, 49400
908, 48900
909, 49600
910, 49300
911, 49000
912, 49100
913, 49400
914, 49600
915, 49300
916, 49100
917, 50200
918, 50600
919, 50400
920, 49900
921, 49800
922, 50000
923, 50000
924, 49900
925, 50300
926, 50100
927, 50500
928, 49500
929, 49900
930, 50500
931, 50100
932, 49900
933, 50100
934, 50100
935, 50200
936, 49700
937, 50400
938, 51000
939, 51100
940, 50800
941, 51400
942, 51300
943, 50900
944, 50700
945, 50900
946, 50600
947, 51500
948, 50800
949, 50800
950, 51000
951, 51200
952, 51600
953, 50700
954, 50800
955, 50900
956, 52500
957, 50900
958, 51500
959, 52100
960, 51400
961, 51300
962, 51300
963, 51000
964, 51600
965, 51700
966, 50900
967, 51200
968, 51000
969, 50900
970, 52900
971, 51300
972, 51300
973, 51000
974, 51300
975, 51800
976, 50900
977, 52500
978, 51300
979, 51900
980, 51300
981, 51200
982, 51100
983, 52200
984, 51800
985, 51500
986, 51500
987, 52100
988, 51900
989, 51900
990, 52000
991, 51700
992, 51800
993, 51700
994, 51700
995, 51300
996, 51700
997, 51000
998, 51200
999, 52000
1000, 51700
1001, 51400
1002, 51900
1003, 52100
1004, 52000
1005, 52400
1006, 52500
1007, 52300
1008, 52000
1009, 53000
1010, 52600
1011, 52800
1012, 52700
1013, 52300
1014, 52300
1015, 53100
1016, 53400
1017, 53400
1018, 52700
1019, 53300
1020, 53800
1021, 53200
1022, 53100
1023, 52700
1024, 53100
1025, 53400
1026, 53600
1027, 53900
1028, 52800
1029, 52700
1030, 52100
1031, 53300
1032, 53200
1033, 53200
1034, 53200
1035, 53300
1036, 53400
1037, 53400
1038, 52900
1039, 52900
1040, 52700
1041, 53100
1042, 53300
1043, 53400
1044, 52900
1045, 53000
1046, 52900
1047, 54100
1048, 54200
1049, 53100
1050, 53400
1051, 53700
1052, 53700
1053, 53900
1054, 53500
1055, 53300
1056, 53700
1057, 53700
1058, 53400
1059, 53600
1060, 53600
1061, 52900
1062, 53200
1063, 53700
1064, 53800
1065, 53600
1066, 53600
1067, 54200
1068, 53900
1069, 53500
1070, 53800
1071, 53600
1072, 53800
1073, 53500
1074, 53600
1075, 53900
1076, 53600
1077, 54100
1078, 53500
1079, 53900
1080, 54800
1081, 53800
1082, 53900
1083, 55200
1084, 55000
1085, 54200
1086, 54200
1087, 54000
1088, 54200
1089, 54200
1090, 54700
1091, 54100
1092, 54700
1093, 55500
1094, 54000
1095, 54500
1096, 54700
1097, 54300
1098, 56300
1099, 55000
1100, 54800
1101, 54700
1102, 54900
1103, 55000
1104, 54500
1105, 55600
1106, 54700
1107, 55100
1108, 54400
1109, 55000
1110, 54300
1111, 55300
1112, 54800
1113, 54900
1114, 55100
1115, 54900
1116, 55600
1117, 55400
1118, 55000
1119, 54900
1120, 55100
1121, 55300
1122, 55100
1123, 55500
1124, 55700
1125, 55600
1126, 54600
1127, 55100
1128, 55200
1129, 55400
1130, 55300
1131, 55700
1132, 56000
1133, 55700
1134, 55900
1135, 55700
1136, 55800
1137, 56800
1138, 56400
1139, 56400
1140, 56600
1141, 56600
1142, 56300
1143, 56700
1144, 56700
1145, 56700
1146, 56700
1147, 57100
1148, 57300
1149, 57000
1150, 57200
1151, 56800
1152, 57200
1153, 56900
1154, 57000
1155, 57300
1156, 57300
1157, 57200
1158, 57000
1159, 57200
1160, 57800
1161, 57600
1162, 57200
1163, 57300
1164, 58000
1165, 57700
1166, 58000
1167, 56900
1168, 56900
1169, 57300
1170, 57400
1171, 57900
1172, 58000
1173, 58000
1174, 57700
1175, 56900
1176, 57600
1177, 57400
1178, 57300
1179, 57600
1180, 58100
1181, 57800
1182, 57700
1183, 58300
1184, 58200
1185, 58000
1186, 58000
1187, 57900
1188, 58100
1189, 57700
1190, 57800
1191, 57900
1192, 73200
1193, 73000
1194, 108900
1195, 104200
1196, 91100
1197, 90400
1198, 89400
1199, 88900
1200, 88300
1201, 87600
1202, 88200
1203, 87400
1204, 87800
1205, 96300
1206, 209200
1207, 87700
1208, 87800
1209, 87500
1210, 95500
1211, 88000
1212, 88800
1213, 87800
1214, 88000
1215, 88700
1216, 113800
1217, 120000
1218, 119200
1219, 119000
1220, 128700
1221, 120200
1222, 118200
1223, 118900
1224, 109100
1225, 60800
1226, 59000
1227, 58700
1228, 59400
1229, 59500
1230, 59900
1231, 61000
1232, 60800
1233, 58700
1234, 58800
1235, 58400
1236, 58600
1237, 58900
1238, 58500
1239, 59100
1240, 59500
1241, 58900
1242, 59200
1243, 59500
1244, 59800
1245, 59800
1246, 59400
1247, 59800
1248, 65500
1249, 59500
1250, 59800
1251, 59500
1252, 59800
1253, 59400
1254, 58900
1255, 59300
1256, 59800
1257, 59100
1258, 59700
1259, 59500
1260, 59900
1261, 60400
1262, 60400
1263, 59700
1264, 60400
1265, 64900
1266, 60400
1267, 59700
1268, 60100
1269, 59900
1270, 59800
1271, 59500
1272, 59700
1273, 59600
1274, 59700
1275, 60200
1276, 60200
1277, 59900
1278, 60100
1279, 60300
1280, 60800
1281, 65800
1282, 61600
1283, 60000
1284, 60600
1285, 60100
1286, 60100
1287, 60100
1288, 60500
1289, 60000
1290, 60300
1291, 60100
1292, 60500
1293, 60700
1294, 61000
1295, 60400
1296, 60300
1297, 60400
1298, 65000
1299, 60300
1300, 60100
1301, 60500
1302, 60000
1303, 61100
1304, 61100
1305, 60900
1306, 61100
1307, 61000
1308, 61400
1309, 61400
1310, 60900
1311, 61300
1312, 61400
1313, 61100
1314, 65300
1315, 61300
1316, 61200
1317, 60800
1318, 61200
1319, 60700
1320, 61000
1321, 60800
1322, 61700
1323, 61400
1324, 61800
1325, 61600
1326, 61600
1327, 61400
1328, 61400
1329, 60900
1330, 66800
1331, 60900
1332, 61300
1333, 61100
1334, 61500
1335, 61200
1336, 61400
1337, 61200
1338, 61500
1339, 62000
1340, 61800
1341, 62200
1342, 61600
1343, 61800
1344, 62400
1345, 61900
1346, 66900
1347, 75800
1348, 68000
1349, 61900
1350, 61600
1351, 61400
1352, 61800
1353, 61500
1354, 62100
1355, 62300
1356, 61900
1357, 61900
1358, 62500
1359, 61700
1360, 61800
1361, 61700
1362, 67900
1363, 61800
1364, 61700
1365, 61900
1366, 61900
1367, 61600
1368, 61600
1369, 61300
1370, 61900
1371, 62200
1372, 61900
1373, 61800
1374, 61700
1375, 62100
1376, 62100
1377, 61800
1378, 67400
1379, 62000
1380, 61800
1381, 62000
1382, 61400
1383, 61600
1384, 61800
1385, 61200
1386, 62000
1387, 61800
1388, 62300
1389, 62200
1390, 62200
1391, 61900
1392, 62600
1393, 62700
1394, 63000
1395, 62000
1396, 62400
1397, 62500
1398, 62200
1399, 62300
1400, 62200
1401, 63000
1402, 71400
1403, 62900
1404, 62800
1405, 63000
1406, 62500
1407, 62400
1408, 62500
1409, 63300
1410, 63200
1411, 63000
1412, 63300
1413, 63000
1414, 62700
1415, 63200
1416, 62800
1417, 62900
1418, 75800
1419, 67700
1420, 64000
1421, 63500
1422, 64300
1423, 63600
1424, 63800
1425, 63700
1426, 63700
1427, 64000
1428, 81200
1429, 62900
1430, 62600
1431, 63600
1432, 63800
1433, 71300
1434, 65300
1435, 63600
1436, 63200
1437, 63700
1438, 63500
1439, 63900
1440, 63700
1441, 63300
1442, 63700
1443, 63700
1444, 64600
1445, 63700
1446, 63800
1447, 63600
1448, 66900
1449, 65500
1450, 63800
1451, 64600
1452, 64400
1453, 64900
1454, 64600
1455, 64800
1456, 64700
1457, 64800
1458, 64800
1459, 64300
1460, 64300
1461, 64300
1462, 64800
1463, 64300
1464, 64700
1465, 64800
1466, 64700
1467, 65000
1468, 64700
1469, 64800
1470, 65000
1471, 64400
1472, 65000
1473, 65600
1474, 64900
1475, 65100
1476, 65500
1477, 69200
1478, 67700
1479, 64800
1480, 65100
1481, 65000
1482, 65600
1483, 65300
1484, 64800
1485, 65300
1486, 65400
1487, 64900
1488, 64800
1489, 65300
1490, 65300
1491, 65100
1492, 65000
1493, 68700
1494, 64700
1495, 64700
1496, 64900
1497, 65800
1498, 65200
1499, 65400
1500, 64900
1501, 65700
1502, 65300
1503, 65000
1504, 65100
1505, 65800
1506, 65500
1507, 64900
1508, 70300
1509, 65300
1510, 65000
1511, 65300
1512, 65000
1513, 65700
1514, 65700
1515, 65700
1516, 65900
1517, 66000
1518, 65900
1519, 65600
1520, 65300
1521, 66400
1522, 66000
1523, 70800
1524, 65900
1525, 65900
1526, 66100
1527, 65300
1528, 66100
1529, 66500
1530, 66200
1531, 66100
1532, 66200
1533, 66000
1534, 66500
1535, 66100
1536, 66300
1537, 68100
1538, 70700
1539, 70100
1540, 66400
1541, 67200
1542, 66900
1543, 66600
1544, 66200
1545, 66800
1546, 66300
1547, 66700
1548, 66400
1549, 66600
1550, 66400
1551, 66500
1552, 66100
1553, 71100
1554, 70100
1555, 66600
1556, 66400
1557, 66600
1558, 66500
1559, 65900
1560, 66000
1561, 66400
1562, 66700
1563, 67000
1564, 66500
1565, 67000
1566, 66300
1567, 65900
1568, 71400
1569, 66700
1570, 66700
1571, 66100
1572, 66500
1573, 66900
1574, 66200
1575, 66600
1576, 65900
1577, 66900
1578, 66300
1579, 66500
1580, 66200
1581, 66200
1582, 67400
1583, 71500
1584, 69600
1585, 66900
1586, 66700
1587, 66300
1588, 66600
1589, 66600
1590, 67200
1591, 66600
1592, 66400
1593, 66500
1594, 67400
1595, 67300
1596, 67000
1597, 71700
1598, 67300
1599, 68500
1600, 83800
1601, 67400
1602, 67600
1603, 67400
1604, 67600
1605, 67800
1606, 67000
1607, 67100
1608, 67000
1609, 67200
1610, 68000
1611, 67400
1612, 72200
1613, 67100
1614, 67600
1615, 67000
1616, 67000
1617, 67500
1618, 67200
1619, 67100
1620, 67400
1621, 67200
1622, 67300
1623, 66900
1624, 66800
1625, 67500
1626, 67600
1627, 71700
1628, 70900
1629, 67200
1630, 67500
1631, 67000
1632, 67000
1633, 67700
1634, 67500
1635, 67000
1636, 67800
1637, 67100
1638, 66600
1639, 76500
1640, 67000
1641, 101000
1642, 70600
1643, 67400
1644, 67600
1645, 67200
1646, 67700
1647, 67200
1648, 67400
1649, 67800
1650, 67900
1651, 68000
1652, 67400
1653, 68300
1654, 67800
1655, 74000
1656, 72300
1657, 68200
1658, 68300
1659, 68200
1660, 68500
1661, 68000
1662, 67900
1663, 68000
1664, 67700
1665, 80300
1666, 68800
1667, 67800
1668, 75200
1669, 85900
1670, 75600
1671, 68200
1672, 68200
1673, 68700
1674, 69100
1675, 68200
1676, 260200
1677, 86600
1678, 69800
1679, 68000
1680, 67900
1681, 76500
1682, 68900
1683, 68500
1684, 68700
1685, 69200
1686, 69100
1687, 68100
1688, 72900
1689, 70300
1690, 69100
1691, 68800
1692, 69000
1693, 69200
1694, 68900
1695, 69000
1696, 69200
1697, 69400
1698, 84600
1699, 72300
1700, 69200
1701, 69100
1702, 68900
1703, 74200
1704, 68300
1705, 69700
1706, 69100
1707, 69000
1708, 68900
1709, 69000
1710, 69200
1711, 69100
1712, 69000
1713, 69200
1714, 69100
1715, 69300
1716, 68800
1717, 74800
1718, 69100
1719, 68900
1720, 68700
1721, 70000
1722, 69500
1723, 69600
1724, 78200
1725, 71800
1726, 69400
1727, 69600
1728, 69600
1729, 70400
1730, 69700
1731, 69500
1732, 70100
1733, 69900
1734, 69300
1735, 69900
1736, 69200
1737, 70100
1738, 74900
1739, 74200
1740, 69600
1741, 70000
1742, 69600
1743, 69900
1744, 69800
1745, 69900
1746, 70300
1747, 69800
1748, 69700
1749, 70100
1750, 69200
1751, 69800
1752, 70100
1753, 73900
1754, 70200
1755, 70300
1756, 70000
1757, 70100
1758, 70400
1759, 70200
1760, 70400
1761, 70800
1762, 70200
1763, 70300
1764, 70300
1765, 70400
1766, 69800
1767, 75400
1768, 69600
1769, 70900
1770, 70400
1771, 70100
1772, 70100
1773, 70400
1774, 70200
1775, 70200
1776, 70600
1777, 70800
1778, 70300
1779, 70300
1780, 70400
1781, 76500
1782, 70100
1783, 70600
1784, 70300
1785, 71100
1786, 70700
1787, 70500
1788, 70700
1789, 70400
1790, 70200
1791, 70600
1792, 71000
1793, 71900
1794, 71300
1795, 75000
1796, 70700
1797, 71300
1798, 71200
1799, 71300
1800, 70600
1801, 71200
1802, 71200
1803, 71100
1804, 70500
1805, 71100
1806, 70600
1807, 70700
1808, 76800
1809, 70800
1810, 71100
1811, 71400
1812, 71000
1813, 71200
1814, 70700
1815, 70400
1816, 70700
1817, 71700
1818, 71800
1819, 71500
1820, 71400
1821, 71400
1822, 78600
1823, 71500
1824, 71600
1825, 71700
1826, 71200
1827, 71200
1828, 71500
1829, 71500
1830, 71100
1831, 71900
1832, 82000
1833, 84100
1834, 71600
1835, 75900
1836, 72300
1837, 72000
1838, 72000
1839, 72400
1840, 71700
1841, 71600
1842, 71600
1843, 71900
1844, 71900
1845, 71800
1846, 71600
1847, 72100
1848, 71300
1849, 76700
1850, 75200
1851, 72100
1852, 71900
1853, 71700
1854, 71800
1855, 72400
1856, 72000
1857, 72500
1858, 72200
1859, 71900
1860, 72600
1861, 72300
1862, 72100
1863, 77200
1864, 71900
1865, 73200
1866, 72800
1867, 72500
1868, 72000
1869, 72100
1870, 72300
1871, 72400
1872, 72200
1873, 72700
1874, 72100
1875, 72600
1876, 72400
1877, 93000
1878, 90900
1879, 79400
1880, 72000
1881, 72600
1882, 72600
1883, 72800
1884, 72400
1885, 93000
1886, 80000
1887, 74400
1888, 72700
1889, 79400
1890, 86900
1891, 86200
1892, 72800
1893, 72500
1894, 71700
1895, 72400
1896, 72000
1897, 72900
1898, 72700
1899, 72500
1900, 72500
1901, 72500
1902, 72500
1903, 72400
1904, 72300
1905, 79500
1906, 72300
1907, 72500
1908, 72500
1909, 72800
1910, 72500
1911, 72600
1912, 79600
1913, 74600
1914, 73900
1915, 73300
1916, 77100
1917, 73200
1918, 73100
1919, 73300
1920, 73200
1921, 73500
1922, 73500
1923, 73300
1924, 74000
1925, 78400
1926, 73500
1927, 73300
1928, 73300
1929, 74000
1930, 74100
1931, 73200
1932, 73400
1933, 73700
1934, 73400
1935, 73100
1936, 73000
1937, 73400
1938, 73300
1939, 77100
1940, 73300
1941, 74000
1942, 73600
1943, 76500
1944, 73200
1945, 73800
1946, 74300
1947, 73700
1948, 73800
1949, 73800
1950, 73300
1951, 73800
1952, 79200
1953, 74600
1954, 73700
1955, 73700
1956, 77200
1957, 74800
1958, 73700
1959, 74200
1960, 73500
1961, 74700
1962, 85400
1963, 83500
1964, 74000
1965, 80800
1966, 74200
1967, 73800
1968, 77300
1969, 74100
1970, 74100
1971, 74500
1972, 74300
1973, 74400
1974, 74300
1975, 74100
1976, 74100
1977, 74700
1978, 76400
1979, 76700
1980, 74700
1981, 74900
1982, 74600
1983, 74400
1984, 74600
1985, 74800
1986, 74800
1987, 74600
1988, 75000
1989, 75000
1990, 74300
1991, 75000
1992, 79900
1993, 75200
1994, 78800
1995, 74900
1996, 74600
1997, 74900
1998, 74700
1999, 74700
2000, 74900
2001, 74700
2002, 75200
2003, 74900
2004, 74800
2005, 78700
2006, 74400
2007, 74900
2008, 74300
2009, 75600
2010, 75400
2011, 75400
2012, 75300
2013, 75100
2014, 75400
2015, 74900
2016, 74600
2017, 75200
2018, 80800
2019, 75000
2020, 75200
2021, 75100
2022, 74600
2023, 75200
2024, 74500
2025, 75500
2026, 75000
2027, 75000
2028, 75300
2029, 75500
2030, 75300
2031, 79500
2032, 75900
2033, 75300
2034, 75000
2035, 75500
2036, 75200
2037, 75500
2038, 74900
2039, 75100
2040, 75200
2041, 76100
2042, 75900
2043, 75300
2044, 75800
2045, 137500
2046, 75600
2047, 75800
2048, 76900
2049, 76700
2050, 76200
2051, 77000
2052, 76400
2053, 90000
2054, 85200
2055, 75900
2056, 77100
2057, 79500
2058, 76000
2059, 76000
2060, 75900
2061, 76200
2062, 76000
2063, 76400
2064, 75800
2065, 76300
2066, 76400
2067, 76300
2068, 76100
2069, 77500
2070, 79500
2071, 75700
2072, 75800
2073, 76800
2074, 76900
2075, 76800
2076, 76500
2077, 76800
2078, 76500
2079, 76900
2080, 76700
2081, 77100
2082, 79100
2083, 81800
2084, 76700
2085, 76900
2086, 76600
2087, 76900
2088, 76600
2089, 77200
2090, 76700
2091, 76800
2092, 76300
2093, 76600
2094, 76700
2095, 96200
2096, 76400
2097, 76800
2098, 76600
2099, 76800
2100, 76800
2101, 76800
2102, 76900
2103, 77100
2104, 76800
2105, 77500
2106, 76900
2107, 77500
2108, 82000
2109, 77200
2110, 77300
2111, 77500
2112, 77000
2113, 77900
2114, 77900
2115, 77500
2116, 77700
2117, 77400
2118, 77500
2119, 77900
2120, 77000
2121, 83000
2122, 77600
2123, 77800
2124, 77400
2125, 77700
2126, 77400
2127, 77400
2128, 77800
2129, 77700
2130, 77800
2131, 77700
2132, 78200
2133, 77600
2134, 81600
2135, 77800
2136, 77700
2137, 78500
2138, 78200
2139, 78100
2140, 78000
2141, 77900
2142, 78500
2143, 78200
2144, 78300
2145, 78900
2146, 84500
2147, 78400
2148, 79100
2149, 78700
2150, 78600
2151, 78900
2152, 78500
2153, 79700
2154, 78800
2155, 79200
2156, 78900
2157, 79000
2158, 85400
2159, 78400
2160, 79100
2161, 79600
2162, 80100
2163, 80200
2164, 79500
2165, 80000
2166, 80200
2167, 79300
2168, 79800
2169, 80500
2170, 80100
2171, 84800
2172, 80900
2173, 80600
2174, 80400
2175, 80900
2176, 80900
2177, 80800
2178, 81000
2179, 80600
2180, 81000
2181, 80100
2182, 80800
2183, 85900
2184, 80200
2185, 81700
2186, 81400
2187, 81100
2188, 81100
2189, 81200
2190, 81500
2191, 80900
2192, 81400
2193, 80900
2194, 80500
2195, 86500
2196, 81100
2197, 81500
2198, 81300
2199, 81000
2200, 80800
2201, 81300
2202, 81100
2203, 81200
2204, 81400
2205, 81700
2206, 81000
2207, 85300
2208, 83300
2209, 82100
2210, 81300
2211, 81800
2212, 81200
2213, 81000
2214, 80800
2215, 81300
2216, 80900
2217, 82100
2218, 81200
2219, 81700
2220, 86500
2221, 81400
2222, 81400
2223, 81400
2224, 81700
2225, 82400
2226, 82300
2227, 81300
2228, 81100
2229, 81500
2230, 81800
2231, 81600
2232, 85300
2233, 82300
2234, 82500
2235, 82400
2236, 81900
2237, 82400
2238, 82200
2239, 82500
2240, 82000
2241, 82200
2242, 82200
2243, 82500
2244, 86900
2245, 82300
2246, 82300
2247, 81900
2248, 81400
2249, 82900
2250, 81500
2251, 82400
2252, 81600
2253, 82500
2254, 81800
2255, 82100
2256, 87300
2257, 82400
2258, 83000
2259, 82000
2260, 90800
2261, 89800
2262, 81800
2263, 82300
2264, 81900
2265, 83300
2266, 82900
2267, 83300
2268, 87600
2269, 83300
2270, 82500
2271, 82400
2272, 83000
2273, 86500
2274, 82600
2275, 83500
2276, 83100
2277, 83500
2278, 83100
2279, 82500
2280, 88500
2281, 83900
2282, 83100
2283, 82600
2284, 82400
2285, 82800
2286, 83000
2287, 82900
2288, 83300
2289, 83500
2290, 83500
2291, 101800
2292, 84300
2293, 83000
2294, 82800
2295, 83100
2296, 83500
2297, 86200
2298, 83500
2299, 83100
2300, 82900
2301, 83500
2302, 83300
2303, 87700
2304, 83400
2305, 83900
2306, 83500
2307, 83900
2308, 83900
2309, 87000
2310, 83300
2311, 83000
2312, 82600
2313, 84100
2314, 83900
2315, 90100
2316, 82800
2317, 83900
2318, 83600
2319, 83300
2320, 83900
2321, 84000
2322, 83200
2323, 83400
2324, 83100
2325, 83300
2326, 83400
2327, 88900
2328, 82900
2329, 84500
2330, 84800
2331, 84600
2332, 87600
2333, 84800
2334, 84200
2335, 84400
2336, 84400
2337, 84900
2338, 84700
2339, 88500
2340, 84700
2341, 84600
2342, 84300
2343, 83900
2344, 87400
2345, 85000
2346, 84700
2347, 84500
2348, 84200
2349, 84100
2350, 86800
2351, 87300
2352, 84400
2353, 84600
2354, 84800
2355, 84300
2356, 84700
2357, 84700
2358, 84600
2359, 84600
2360, 84100
2361, 85500
2362, 90600
2363, 84800
2364, 84300
2365, 84700
2366, 84300
2367, 87800
2368, 85800
2369, 84800
2370, 85300
2371, 85400
2372, 85300
2373, 84600
2374, 88400
2375, 84800
2376, 84500
2377, 85300
2378, 84900
2379, 84600
2380, 84400
2381, 84900
2382, 84800
2383, 84700
2384, 85100
2385, 85300
2386, 90400
2387, 85400
2388, 85200
2389, 85200
2390, 88000
2391, 84500
2392, 84900
2393, 85900
2394, 85400
2395, 85500
2396, 85400
2397, 91000
2398, 85500
2399, 85100
2400, 84900
2401, 85400
2402, 85200
2403, 85400
2404, 85200
2405, 85300
2406, 85100
2407, 85100
2408, 85100
2409, 156900
2410, 85300
2411, 85000
2412, 85100
2413, 85000
2414, 85300
2415, 84900
2416, 85300
2417, 85900
2418, 85600
2419, 85700
2420, 90900
2421, 85900
2422, 85700
2423, 85500
2424, 85300
2425, 86400
2426, 85700
2427, 85900
2428, 86100
2429, 86200
2430, 86200
2431, 90200
2432, 86200
2433, 86100
2434, 86000
2435, 86400
2436, 86900
2437, 85600
2438, 85600
2439, 85400
2440, 85400
2441, 86500
2442, 86800
2443, 91000
2444, 85600
2445, 86000
2446, 86200
2447, 85800
2448, 86100
2449, 87300
2450, 86300
2451, 86900
2452, 86000
2453, 86500
2454, 94400
2455, 111200
2456, 105300
2457, 106500
2458, 93500
2459, 87300
2460, 86500
2461, 87100
2462, 86200
2463, 86300
2464, 87200
2465, 87900
2466, 86800
2467, 87700
2468, 87100
2469, 93000
2470, 86800
2471, 86300
2472, 86300
2473, 87900
2474, 86800
2475, 92900
2476, 102200
2477, 86400
2478, 86600
2479, 86300
2480, 87500
2481, 88200
2482, 91600
2483, 87400
2484, 86700
2485, 87500
2486, 93700
2487, 87700
2488, 86900
2489, 87800
2490, 87800
2491, 87900
2492, 87800
2493, 87700
2494, 87200
2495, 87300
2496, 87100
2497, 93700
2498, 87100
2499, 90100
2500, 90000
2501, 89900
2502, 90200
2503, 89000
2504, 89600
2505, 90900
2506, 89400
2507, 90100
2508, 95300
2509, 90200
2510, 89500
2511, 88500
2512, 89700
2513, 89700
2514, 93200
2515, 89600
2516, 88700
2517, 89200
2518, 88900
2519, 96700
2520, 89300
2521, 89700
2522, 89300
2523, 89900
2524, 90200
2525, 90300
2526, 90200
2527, 90500
2528, 95200
2529, 90800
2530, 96400
2531, 92600
2532, 93100
2533, 93100
2534, 92400
2535, 92000
2536, 92200
2537, 93800
2538, 93700
2539, 92900
2540, 93600
2541, 97400
2542, 94600
2543, 93600
2544, 94500
2545, 95900
2546, 95100
2547, 95000
2548, 95100
2549, 94800
2550, 96000
2551, 101800
2552, 95400
2553, 96100
2554, 96000
2555, 95600
2556, 95500
2557, 97200
2558, 96200
2559, 96400
2560, 96800
2561, 97700
2562, 102400
2563, 97800
2564, 97500
2565, 98300
2566, 97800
2567, 97800
2568, 98000
2569, 98500
2570, 98600
2571, 99000
2572, 103500
2573, 100300
2574, 100000
2575, 100900
2576, 99900
2577, 104600
2578, 100600
2579, 101300
2580, 99500
2581, 99900
2582, 105000
2583, 99900
2584, 98800
2585, 99900
2586, 99400
2587, 100100
2588, 100200
2589, 99900
2590, 99600
2591, 100200
2592, 104700
2593, 100100
2594, 100400
2595, 101300
2596, 102800
2597, 102100
2598, 102200
2599, 104700
2600, 101700
2601, 107500
2602, 101700
2603, 102100
2604, 105000
2605, 103600
2606, 106700
2607, 107900
2608, 107000
2609, 107400
2610, 107400
2611, 110600
2612, 107900
2613, 107200
2614, 108300
2615, 108700
2616, 107000
2617, 106900
2618, 109800
2619, 109200
2620, 131900
2621, 118100
2622, 113400
2623, 120300
2624, 135300
2625, 132500
2626, 139700
2627, 133800
2628, 139300
2629, 120900
2630, 120500
2631, 132800
2632, 127100
2633, 120600
2634, 120700
2635, 121300
2636, 141500
2637, 122700
2638, 120900
2639, 133200
2640, 138300
2641, 128100
2642, 147600
2643, 157000
2644, 158400
2645, 156500
2646, 161900
2647, 148200
2648, 122400
2649, 123700
2650, 123400
2651, 124000
2652, 123300
2653, 143800
2654, 132300
2655, 153300
2656, 150300
2657, 125000
2658, 125300
2659, 126400
2660, 125400
2661, 132100
2662, 155200
2663, 148200
2664, 143200
2665, 126300
2666, 127100
2667, 126400
2668, 127600
2669, 127800
2670, 128700
2671, 127100
2672, 147900
2673, 127400
2674, 127400
2675, 128900
2676, 146500
2677, 128800
2678, 129600
2679, 128700
2680, 128600
2681, 129800
2682, 130000
2683, 128900
2684, 145800
2685, 130200
2686, 131600
2687, 130800
2688, 138400
2689, 130700
2690, 131500
2691, 133800
2692, 133700
2693, 132600
2694, 133300
2695, 139900
2696, 178100
2697, 132100
2698, 133700
2699, 133200
2700, 133700
2701, 134900
2702, 134300
2703, 141900
2704, 141900
2705, 133300
2706, 136700
2707, 142700
2708, 134800
2709, 136200
2710, 137000
2711, 135600
2712, 135000
2713, 136300
2714, 139300
2715, 147100
2716, 136900
2717, 137500
2718, 138500
2719, 137700
2720, 141100
2721, 137800
2722, 150200
2723, 150600
2724, 140800
2725, 139600
2726, 139800
2727, 139300
2728, 138900
2729, 139800
2730, 146900
2731, 152800
2732, 140700
2733, 142500
2734, 159200
2735, 157900
2736, 140900
2737, 140000
2738, 140300
2739, 148000
2740, 140500
2741, 140100
2742, 147600
2743, 140300
2744, 141100
2745, 141200
2746, 146900
2747, 165600
2748, 145000
2749, 142200
2750, 142800
2751, 162900
2752, 150100
2753, 143500
2754, 144100
2755, 144800
2756, 144900
2757, 144900
2758, 144500
2759, 149700
2760, 146900
2761, 146500
2762, 145100
2763, 145900
2764, 145700
2765, 145700
2766, 151500
2767, 146300
2768, 145900
2769, 147600
2770, 147200
2771, 147700
2772, 147200
2773, 154000
2774, 148500
2775, 148500
2776, 148300
2777, 148900
2778, 149200
2779, 155900
2780, 149900
2781, 150100
2782, 150600
2783, 150600
2784, 150600
2785, 150600
2786, 155100
2787, 151300
2788, 151800
2789, 152800
2790, 152600
2791, 152900
2792, 156100
2793, 155700
2794, 183100
2795, 191600
2796, 211700
2797, 211800
2798, 419200
2799, 212500
2800, 233100
2801, 200000
2802, 198300
2803, 205100
2804, 212800
2805, 200300
2806, 198900
2807, 159100
2808, 182000
2809, 175700
2810, 181800
2811, 199300
2812, 230200
2813, 209200
2814, 216500
2815, 228200
2816, 231000
2817, 201300
2818, 223800
2819, 177300
2820, 161300
2821, 169000
2822, 162500
2823, 162300
2824, 163100
2825, 162600
2826, 192200
2827, 198800
2828, 207300
2829, 240200
2830, 186800
2831, 179400
2832, 164900
2833, 164300
2834, 164200
2835, 164400
2836, 165900
2837, 192900
2838, 165800
2839, 165000
2840, 166500
2841, 166700
2842, 167200
2843, 218500
2844, 171400
2845, 166700
2846, 174600
2847, 166400
2848, 167300
2849, 195200
2850, 183200
2851, 167600
2852, 167600
2853, 168700
2854, 175100
2855, 200200
2856, 168900
2857, 169600
2858, 169900
2859, 169600
2860, 169800
2861, 169600
2862, 170200
2863, 171100
2864, 170900
2865, 171400
2866, 171400
2867, 171700
2868, 171600
2869, 172600
2870, 172200
2871, 172800
2872, 174100
2873, 175300
2874, 175100
2875, 175400
2876, 174000
2877, 227800
2878, 174700
2879, 173400
2880, 174200
2881, 174600
2882, 175100
2883, 175200
2884, 175400
2885, 175900
2886, 176100
2887, 176000
2888, 177800
2889, 178400
2890, 177800
2891, 177300
2892, 178200
2893, 177800
2894, 178400
2895, 177700
2896, 178500
2897, 178700
2898, 180500
2899, 180900
2900, 179800
2901, 180600
2902, 180900
2903, 182400
2904, 182500
2905, 181100
2906, 180400
2907, 181800
2908, 181800
2909, 181200
2910, 182100
2911, 183100
2912, 183800
2913, 183200
2914, 183600
2915, 183700
2916, 196300
2917, 185700
2918, 192500
2919, 184400
2920, 184100
2921, 185000
2922, 185000
2923, 185500
2924, 184900
2925, 184400
2926, 185200
2927, 186000
2928, 186700
2929, 186300
2930, 187200
2931, 186900
2932, 187500
2933, 188200
2934, 189400
2935, 187900
2936, 193300
2937, 199000
2938, 189200
2939, 189100
2940, 188700
2941, 189300
2942, 189000
2943, 190000
2944, 190300
2945, 191200
2946, 191700
2947, 191600
2948, 192000
2949, 192100
2950, 192100
2951, 191700
2952, 191900
2953, 192200
2954, 193100
2955, 194200
2956, 193900
2957, 194800
2958, 194400
2959, 195800
2960, 194500
2961, 194800
2962, 195200
2963, 195800
2964, 197100
2965, 195800
2966, 196400
2967, 196200
2968, 196600
2969, 196700
2970, 197500
2971, 197300
2972, 197700
2973, 197600
2974, 197000
2975, 196400
2976, 198000
2977, 199500
2978, 199500
2979, 200200
2980, 200000
2981, 199900
2982, 200600
2983, 200200
2984, 201700
2985, 201500
2986, 201600
2987, 201600
2988, 201600
2989, 200700
2990, 202600
2991, 202400
2992, 202900
2993, 202900
2994, 202300
2995, 203500
2996, 248700
2997, 231200
2998, 207200
2999, 206900
3000, 207300
3001, 206500
3002, 206800
3003, 207900
3004, 208400
3005, 208100
3006, 208500
3007, 208700
3008, 209300
3009, 209800
3010, 209700
3011, 209800
3012, 210200
3013, 209600
3014, 210900
3015, 210800
3016, 212100
3017, 213200
3018, 212000
3019, 212800
3020, 212900
3021, 213800
3022, 213200
3023, 212300
3024, 213000
3025, 213000
3026, 214100
3027, 215300
3028, 214400
3029, 214700
3030, 214000
3031, 214900
3032, 429100
3033, 450500
3034, 442700
3035, 427300
3036, 427800
3037, 314700
3038, 213700
3039, 215400
3040, 215300
3041, 214700
3042, 215300
3043, 215500
3044, 216100
3045, 215400
3046, 215300
3047, 215100
3048, 216100
3049, 216300
3050, 216400
3051, 216400
3052, 216400
3053, 216400
3054, 216900
3055, 217100
3056, 218300
3057, 218900
3058, 217300
3059, 219500
3060, 218900
3061, 237300
3062, 219800
3063, 220900
3064, 220000
3065, 221000
3066, 220100
3067, 220300
3068, 221400
3069, 222000
3070, 221800
3071, 221700
3072, 223200
3073, 222800
3074, 222900
3075, 224500
3076, 222600
3077, 222700
3078, 222400
3079, 222900
3080, 223400
3081, 225300
3082, 225100
3083, 225600
3084, 224500
3085, 225800
3086, 226100
3087, 224400
3088, 225400
3089, 274500
3090, 226500
3091, 244000
3092, 228500
3093, 227000
3094, 227500
3095, 228100
3096, 234700
3097, 227100
3098, 228900
3099, 229000
3100, 229400
3101, 230000
3102, 229800
3103, 230600
3104, 230300
3105, 230500
3106, 231100
3107, 231200
3108, 231700
3109, 231900
3110, 232600
3111, 233200
3112, 232300
3113, 232500
3114, 232400
3115, 232600
3116, 232100
3117, 233400
3118, 233900
3119, 234200
3120, 233900
3121, 233500
3122, 235100
3123, 234800
3124, 235900
3125, 235200
3126, 235800
3127, 236200
3128, 237000
3129, 237000
3130, 255700
3131, 272300
3132, 237700
3133, 237500
3134, 238800
3135, 254700
3136, 238500
3137, 237900
3138, 242300
3139, 239500
3140, 239700
3141, 240700
3142, 241200
3143, 240500
3144, 240100
3145, 241100
3146, 243600
3147, 240000
3148, 240900
3149, 241200
3150, 240800
3151, 242300
3152, 243000
3153, 243500
3154, 242900
3155, 243300
3156, 243100
3157, 297700
3158, 245100
3159, 262200
3160, 245900
3161, 265100
3162, 244900
3163, 244900
3164, 244800
3165, 251400
3166, 245900
3167, 245800
3168, 245600
3169, 247500
3170, 246800
3171, 247100
3172, 247200
3173, 247600
3174, 246500
3175, 247000
3176, 247900
3177, 247800
3178, 248400
3179, 248600
3180, 249400
3181, 250000
3182, 248900
3183, 249600
3184, 250000
3185, 250800
3186, 251700
3187, 251100
3188, 251100
3189, 251200
3190, 251600
3191, 252600
3192, 265100
3193, 253000
3194, 252700
3195, 253100
3196, 252400
3197, 253300
3198, 252600
3199, 253900
3200, 254100
3201, 252700
3202, 256700
3203, 264800
3204, 255200
3205, 256700
3206, 258200
3207, 256700
3208, 256700
3209, 256500
3210, 256800
3211, 257100
3212, 256900
3213, 258200
3214, 257400
3215, 257900
3216, 256600
3217, 256800
3218, 257300
3219, 258900
3220, 279100
3221, 258200
3222, 259000
3223, 258800
3224, 271100
3225, 269500
3226, 260500
3227, 260900
3228, 260700
3229, 268100
3230, 261000
3231, 260800
3232, 273800
3233, 306700
3234, 261800
3235, 263500
3236, 263600
3237, 271500
3238, 262100
3239, 275800
3240, 263300
3241, 262700
3242, 263400
3243, 269700
3244, 263800
3245, 263900
3246, 264200
3247, 264400
3248, 265500
3249, 266000
3250, 322500
3251, 287800
3252, 265700
3253, 266600
3254, 265900
3255, 273100
3256, 267200
3257, 268200
3258, 267300
3259, 266800
3260, 267200
3261, 268200
3262, 269200
3263, 277700
3264, 268100
3265, 268400
3266, 270500
3267, 269700
3268, 271000
3269, 270900
3270, 270800
3271, 272000
3272, 271500
3273, 271500
3274, 271800
3275, 336600
3276, 273100
3277, 272400
3278, 272500
3279, 284000
3280, 274500
3281, 272900
3282, 272400
3283, 275200
3284, 273600
3285, 279000
3286, 291400
3287, 294500
3288, 275900
3289, 282000
3290, 275600
3291, 275100
3292, 275400
3293, 276200
3294, 276400
3295, 281600
3296, 277400
3297, 277500
3298, 277000
3299, 332300
3300, 277600
3301, 287400
3302, 841800
3303, 1430500
3304, 352900
3305, 360300
3306, 356400
3307, 370700
3308, 368700
3309, 363400
3310, 370100
3311, 369800
3312, 367300
3313, 371900
3314, 371500
3315, 373800
3316, 377000
3317, 373200
3318, 363000
3319, 477700
3320, 447100
3321, 420100
3322, 352900
3323, 378400
3324, 355100
3325, 372100
3326, 325900
3327, 297000
3328, 286200
3329, 293100
3330, 301900
3331, 291100
3332, 303100
3333, 285400
3334, 292200
3335, 285600
3336, 286200
3337, 290200
3338, 288200
3339, 288700
3340, 288100
3341, 289700
3342, 288500
3343, 289300
3344, 292500
3345, 354900
3346, 341000
3347, 374600
3348, 297400
3349, 304400
3350, 291800
3351, 289900
3352, 296600
3353, 290300
3354, 292100
3355, 291500
3356, 292600
3357, 293900
3358, 292900
3359, 302800
3360, 292700
3361, 345700
3362, 300900
3363, 294500
3364, 298600
3365, 298100
3366, 296800
3367, 295800
3368, 296400
3369, 294200
3370, 295400
3371, 299500
3372, 295700
3373, 297100
3374, 299900
3375, 297400
3376, 297200
3377, 296000
3378, 296700
3379, 298300
3380, 299500
3381, 300300
3382, 300200
3383, 298000
3384, 300600
3385, 300600
3386, 300000
3387, 300400
3388, 298500
3389, 299900
3390, 300200
3391, 300000
3392, 301500
3393, 301100
3394, 302800
3395, 302400
3396, 303000
3397, 303100
3398, 315400
3399, 303400
3400, 303900
3401, 303600
3402, 304400
3403, 305900
3404, 307200
3405, 306600
3406, 305800
3407, 307100
3408, 306100
3409, 307400
3410, 311000
3411, 306300
3412, 305900
3413, 307200
3414, 308200
3415, 307500
3416, 308600
3417, 312400
3418, 309400
3419, 307500
3420, 306800
3421, 309000
3422, 310700
3423, 308200
3424, 309100
3425, 310200
3426, 312800
3427, 313500
3428, 313200
3429, 311700
3430, 311700
3431, 313600
3432, 313800
3433, 313100
3434, 311600
3435, 312400
3436, 317200
3437, 313000
3438, 314200
3439, 316200
3440, 314100
3441, 313200
3442, 315800
3443, 317600
3444, 316400
3445, 319100
3446, 378200
3447, 326700
3448, 314300
3449, 346800
3450, 316400
3451, 316100
3452, 317400
3453, 316700
3454, 316500
3455, 317100
3456, 317800
3457, 315300
3458, 318400
3459, 319200
3460, 320800
3461, 322300
3462, 363000
3463, 323600
3464, 323700
3465, 323100
3466, 322700
3467, 327400
3468, 323700
3469, 324800
3470, 326300
3471, 325800
3472, 326600
3473, 326900
3474, 326400
3475, 324200
3476, 328000
3477, 326800
3478, 327800
3479, 329400
3480, 326900
3481, 324900
3482, 326500
3483, 326000
3484, 327100
3485, 328500
3486, 325800
3487, 324400
3488, 326200
3489, 323600
3490, 326800
3491, 325800
3492, 328000
3493, 325900
3494, 326900
3495, 326600
3496, 327000
3497, 328000
3498, 334300
3499, 326500
3500, 328100
3501, 327500
3502, 325500
3503, 323900
3504, 330600
3505, 326200
3506, 328500
3507, 326000
3508, 328000
3509, 326400
3510, 331900
3511, 327200
3512, 328900
3513, 326900
3514, 327400
3515, 326400
3516, 331600
3517, 327300
3518, 325500
3519, 326500
3520, 328100
3521, 324700
3522, 328400
3523, 326300
3524, 328000
3525, 327600
3526, 328200
3527, 328500
3528, 328400
3529, 327600
3530, 326100
3531, 327200
3532, 327000
3533, 327600
3534, 327900
3535, 326800
3536, 327800
3537, 327900
3538, 328200
3539, 326700
3540, 329500
3541, 337900
3542, 398700
3543, 349700
3544, 321500
3545, 322500
3546, 328500
3547, 339800
3548, 324000
3549, 321400
3550, 332600
3551, 321100
3552, 324000
3553, 321400
3554, 323000
3555, 323200
3556, 323900
3557, 321900
3558, 324600
3559, 323600
3560, 323600
3561, 323600
3562, 324000
3563, 324400
3564, 323700
3565, 320400
3566, 322500
3567, 322300
3568, 323200
3569, 323300
3570, 325100
3571, 322800
3572, 321400
3573, 323100
3574, 326700
3575, 323000
3576, 322100
3577, 321900
3578, 324600
3579, 321800
3580, 324900
3581, 322000
3582, 321500
3583, 321800
3584, 326700
3585, 321700
3586, 322500
3587, 322500
3588, 324500
3589, 322200
3590, 322800
3591, 323900
3592, 322900
3593, 323700
3594, 322800
3595, 323500
3596, 329900
3597, 322700
3598, 321800
3599, 327400
3600, 324600
3601, 324800
3602, 328900
3603, 324800
3604, 326200
3605, 327900
3606, 325700
3607, 325100
3608, 325400
3609, 325500
3610, 328400
3611, 326400
3612, 327600
3613, 327000
3614, 326300
3615, 324600
3616, 327900
3617, 328600
3618, 327300
3619, 324900
3620, 326500
3621, 328600
3622, 327300
3623, 327300
3624, 327000
3625, 326400
3626, 327400
3627, 327200
3628, 326700
3629, 325800
3630, 325500
3631, 326800
3632, 325800
3633, 325800
3634, 328900
3635, 326500
3636, 327100
3637, 328200
3638, 327600
3639, 328200
3640, 340500
3641, 360400
3642, 356900
3643, 326700
3644, 417300
3645, 330100
3646, 346400
3647, 333900
3648, 329500
3649, 324900
3650, 327900
3651, 324700
3652, 329100
3653, 326500
3654, 327000
3655, 328900
3656, 328400
3657, 329100
3658, 327000
3659, 330100
3660, 329200
3661, 326200
3662, 328200
3663, 326900
3664, 328700
3665, 329500
3666, 332500
3667, 327700
3668, 327500
3669, 327800
3670, 328100
3671, 326500
3672, 328000
3673, 328400
3674, 329800
3675, 327400
3676, 330200
3677, 327400
3678, 328300
3679, 328000
3680, 329600
3681, 327300
3682, 329700
3683, 329500
3684, 330200
3685, 328200
3686, 345100
3687, 328400
3688, 328200
3689, 328900
3690, 328600
3691, 328900
3692, 328900
3693, 340700
3694, 328100
3695, 327000
3696, 327700
3697, 328500
3698, 329900
3699, 329100
3700, 328600
3701, 328600
3702, 329400
3703, 328500
3704, 327200
3705, 327900
3706, 329000
3707, 327600
3708, 330400
3709, 328400
3710, 328000
3711, 328300
3712, 330200
3713, 327700
3714, 329400
3715, 326900
3716, 330400
3717, 331000
3718, 330200
3719, 328700
3720, 329700
3721, 328900
3722, 328700
3723, 328700
3724, 329600
3725, 328200
3726, 331700
3727, 328800
3728, 329400
3729, 328000
3730, 329300
3731, 327600
3732, 330200
3733, 372000
3734, 370800
3735, 329500
3736, 328300
3737, 334400
3738, 329700
3739, 329100
3740, 331200
3741, 343700
3742, 327600
3743, 327300
3744, 329300
3745, 337000
3746, 329800
3747, 327800
3748, 328600
3749, 328200
3750, 330700
3751, 329800
3752, 329200
3753, 329600
3754, 328300
3755, 328200
3756, 328500
3757, 326600
3758, 328900
3759, 327900
3760, 329700
3761, 328000
3762, 330500
3763, 329000
3764, 331600
3765, 329700
3766, 328900
3767, 329600
3768, 330500
3769, 329100
3770, 330000
3771, 329000
3772, 330600
3773, 330100
3774, 328300
3775, 328400
3776, 330300
3777, 340200
3778, 330500
3779, 326900
3780, 339700
3781, 339200
3782, 329200
3783, 335600
3784, 329400
3785, 328500
3786, 327300
3787, 329200
3788, 330000
3789, 327100
3790, 343000
3791, 328600
3792, 329700
3793, 331400
3794, 342500
3795, 330200
3796, 340300
3797, 330000
3798, 330300
3799, 334200
3800, 329000
3801, 329200
3802, 330000
3803, 329200
3804, 331600
3805, 328200
3806, 328700
3807, 326400
3808, 332900
3809, 327600
3810, 330600
3811, 329300
3812, 330200
3813, 327000
3814, 333100
3815, 328800
3816, 329900
3817, 330200
3818, 330500
3819, 329600
3820, 329300
3821, 328100
3822, 330200
3823, 328800
3824, 329800
3825, 360300
3826, 379900
3827, 328700
3828, 328900
3829, 336700
3830, 330700
3831, 329600
3832, 329900
3833, 328700
3834, 330500
3835, 327700
3836, 331800
3837, 328600
3838, 346900
3839, 328000
3840, 330100
3841, 327900
3842, 329700
3843, 327900
3844, 331600
3845, 330400
3846, 330000
3847, 329600
3848, 330100
3849, 329100
3850, 329700
3851, 328100
3852, 329300
3853, 329300
3854, 328700
3855, 329400
3856, 330000
3857, 330400
3858, 330800
3859, 329900
3860, 330200
3861, 331400
3862, 330900
3863, 329000
3864, 330400
3865, 330300
3866, 330500
3867, 329900
3868, 330800
3869, 330800
3870, 328100
3871, 364700
3872, 346700
3873, 326600
3874, 330200
3875, 328700
3876, 331100
3877, 329800
3878, 329600
3879, 330200
3880, 329800
3881, 330200
3882, 329700
3883, 329600
3884, 329800
3885, 328600
3886, 342200
3887, 331300
3888, 330400
3889, 329700
3890, 330300
3891, 329100
3892, 330700
3893, 330400
3894, 331100
3895, 329800
3896, 330000
3897, 330500
3898, 331700
3899, 329500
3900, 331900
3901, 331400
3902, 329300
3903, 329600
3904, 330900
3905, 328700
3906, 330700
3907, 326900
3908, 330900
3909, 329900
3910, 330500
3911, 331800
3912, 332300
3913, 330600
3914, 371900
3915, 330600
3916, 331300
3917, 350900
3918, 344000
3919, 330400
3920, 329900
3921, 338300
3922, 332300
3923, 330200
3924, 331100
3925, 331700
3926, 330400
3927, 330600
3928, 330100
3929, 331700
3930, 331200
3931, 330500
3932, 331300
3933, 329800
3934, 347500
3935, 330900
3936, 331100
3937, 336500
3938, 333100
3939, 331200
3940, 332000
3941, 329600
3942, 330600
3943, 331000
3944, 331100
3945, 332500
3946, 332400
3947, 330000
3948, 331700
3949, 328000
3950, 329700
3951, 330300
3952, 331000
3953, 330300
3954, 333300
3955, 330800
3956, 332200
3957, 331500
3958, 332800
3959, 331800
3960, 331000
3961, 330000
3962, 330500
3963, 330400
3964, 332200
3965, 348600
3966, 364400
3967, 330600
3968, 330900
3969, 337600
3970, 331700
3971, 330400
3972, 331000
3973, 330900
3974, 331100
3975, 331500
3976, 332300
3977, 332300
3978, 332200
3979, 331700
3980, 332400
3981, 331400
3982, 331500
3983, 331000
3984, 331500
3985, 348000
3986, 330900
3987, 329300
3988, 333300
3989, 331700
3990, 331800
3991, 331000
3992, 330800
3993, 330400
3994, 331700
3995, 340500
3996, 332700
3997, 331000
3998, 330500
3999, 329300
4000, 334500
4001, 329800
4002, 330500
4003, 330800
4004, 334900
4005, 330200
4006, 376100
4007, 333000
4008, 331800
4009, 331900
4010, 335500
4011, 375100
4012, 331400
4013, 330300
4014, 329600
4015, 331400
4016, 332000
4017, 330300
4018, 333900
4019, 330600
4020, 333000
4021, 333600
4022, 332500
4023, 334000
4024, 331800
4025, 331700
4026, 332700
4027, 333000
4028, 334700
4029, 332600
4030, 331000
4031, 330300
4032, 332400
4033, 352600
4034, 333100
4035, 329300
4036, 333100
4037, 332400
4038, 331900
4039, 332000
4040, 333300
4041, 333500
4042, 331000
4043, 331700
4044, 333800
4045, 330300
4046, 332100
4047, 330800
4048, 331900
4049, 333300
4050, 332400
4051, 331600
4052, 333600
4053, 332800
4054, 332900
4055, 332500
4056, 331600
4057, 341200
4058, 331900
4059, 332500
4060, 335700
4061, 332500
4062, 332600
4063, 329200
4064, 332900
4065, 330500
4066, 333600
4067, 332800
4068, 333300
4069, 332400
4070, 338400
4071, 336800
4072, 336500
4073, 337700
4074, 337600
4075, 338100
4076, 338200
4077, 334900
4078, 336700
4079, 335000
4080, 337600
4081, 341300
4082, 332800
4083, 332300
4084, 332800
4085, 332100
4086, 332300
4087, 331800
4088, 332400
4089, 331200
4090, 333500
4091, 330000
4092, 334200
4093, 381700
4094, 331500
4095, 330800
4096, 333300
4097, 330600
4098, 333600
4099, 331800
4100, 333500
4101, 332600
4102, 332000
4103, 332000
4104, 332300
4105, 332300
4106, 332700
4107, 345900
4108, 333000
4109, 334100
4110, 332100
4111, 335700
4112, 337900
4113, 337400
4114, 337100
4115, 335900
4116, 337600
4117, 343200
4118, 336900
4119, 337900
4120, 337000
4121, 337900
4122, 339400
4123, 339700
4124, 343200
4125, 338600
4126, 337300
4127, 337700
4128, 355800
4129, 336600
4130, 338100
4131, 336300
4132, 338400
4133, 337500
4134, 339300
4135, 341000
4136, 339600
4137, 340300
4138, 342100
4139, 339000
4140, 339600
4141, 340400
4142, 338000
4143, 339200
4144, 339500
4145, 338100
4146, 340600
4147, 340400
4148, 339000
4149, 340700
4150, 340500
4151, 340400
4152, 341100
4153, 350800
4154, 340900
4155, 340500
4156, 342200
4157, 342100
4158, 340000
4159, 339500
4160, 341900
4161, 338600
4162, 340500
4163, 338100
4164, 343500
4165, 339200
4166, 340200
4167, 340600
4168, 341500
4169, 339900
4170, 344200
4171, 340100
4172, 339700
4173, 338200
4174, 341000
4175, 352500
4176, 341300
4177, 342800
4178, 340900
4179, 344500
4180, 339900
4181, 340500
4182, 380700
4183, 340100
4184, 339800
4185, 344300
4186, 343000
4187, 350500
4188, 341300
4189, 341000
4190, 339600
4191, 340400
4192, 355400
4193, 342000
4194, 343500
4195, 350600
4196, 343300
4197, 341900
4198, 344300
4199, 369600
4200, 528800
4201, 463700
4202, 542000
4203, 344000
4204, 491700
4205, 346000
4206, 361900
4207, 347100
4208, 344000
4209, 343100
4210, 349900
4211, 344000
4212, 348500
4213, 342700
4214, 343600
4215, 347900
4216, 365300
4217, 341400
4218, 351000
4219, 343400
4220, 351200
4221, 343000
4222, 347800
4223, 342000
4224, 343500
4225, 348000
4226, 345300
4227, 342700
4228, 349100
4229, 342800
4230, 343600
4231, 348400
4232, 343600
4233, 347100
4234, 343700
4235, 343500
4236, 348700
4237, 343800
4238, 363900
4239, 382500
4240, 343300
4241, 351700
4242, 391900
4243, 737800
4244, 601700
4245, 344800
4246, 345800
4247, 344400
4248, 344300
4249, 344700
4250, 344600
4251, 343700
4252, 356900
4253, 343800
4254, 342000
4255, 343500
4256, 344000
4257, 341300
4258, 344200
4259, 341800
4260, 343000
4261, 344400
4262, 344400
4263, 344300
4264, 400100
4265, 343600
4266, 343700
4267, 343500
4268, 343600
4269, 341400
4270, 344500
4271, 342700
4272, 343100
4273, 343700
4274, 345600
4275, 343400
4276, 344200
4277, 344700
4278, 354300
4279, 344900
4280, 344300
4281, 344000
4282, 345400
4283, 344700
4284, 363800
4285, 353400
4286, 365600
4287, 391300
4288, 381800
4289, 366200
4290, 366000
4291, 342600
4292, 346700
4293, 352300
4294, 346300
4295, 346600
4296, 346600
4297, 347000
4298, 346400
4299, 346700
4300, 346500
4301, 344900
4302, 346100
4303, 345000
4304, 346500
4305, 348200
4306, 346600
4307, 345300
4308, 345200
4309, 346100
4310, 346500
4311, 372700
4312, 346300
4313, 345800
4314, 347400
4315, 345300
4316, 347600
4317, 345400
4318, 345900
4319, 344100
4320, 347900
4321, 346700
4322, 346600
4323, 346800
4324, 346000
4325, 345800
4326, 348600
4327, 346400
4328, 347600
4329, 346800
4330, 347900
4331, 358300
4332, 389200
4333, 357000
4334, 345700
4335, 368400
4336, 345300
4337, 346700
4338, 347300
4339, 346300
4340, 358800
4341, 347700
4342, 347600
4343, 352700
4344, 346500
4345, 345100
4346, 347200
4347, 345900
4348, 349000
4349, 408100
4350, 346700
4351, 346700
4352, 347500
4353, 346800
4354, 347200
4355, 345100
4356, 348600
4357, 347800
4358, 349200
4359, 348500
4360, 347100
4361, 347300
4362, 347200
4363, 346400
4364, 347500
4365, 348500
4366, 346800
4367, 348500
4368, 348100
4369, 349500
4370, 349600
4371, 348700
4372, 347100
4373, 350400
4374, 347100
4375, 346600
4376, 347100
4377, 358200
4378, 348300
4379, 377800
4380, 401100
4381, 349700
4382, 347700
4383, 353800
4384, 347500
4385, 347600
4386, 349600
4387, 347700
4388, 349100
4389, 349500
4390, 350400
4391, 349200
4392, 350300
4393, 349300
4394, 348000
4395, 349100
4396, 348500
4397, 348900
4398, 353000
4399, 349600
4400, 348900
4401, 352400
4402, 350900
4403, 350200
4404, 349200
4405, 349800
4406, 349900
4407, 348700
4408, 347400
4409, 349600
4410, 350800
4411, 349700
4412, 351000
4413, 349400
4414, 349300
4415, 348300
4416, 349300
4417, 347700
4418, 347600
4419, 347500
4420, 349300
4421, 360400
4422, 350000
4423, 359800
4424, 350100
4425, 348900
4426, 426700
4427, 349200
4428, 349000
4429, 355300
4430, 351400
4431, 349800
4432, 348700
4433, 349700
4434, 368100
4435, 349600
4436, 349700
4437, 350200
4438, 349700
4439, 348100
4440, 400900
4441, 350100
4442, 350400
4443, 351400
4444, 351200
4445, 349500
4446, 349500
4447, 353000
4448, 350700
4449, 350500
4450, 350800
4451, 349600
4452, 350500
4453, 353500
4454, 351200
4455, 349300
4456, 348300
4457, 349300
4458, 347900
4459, 351200
4460, 348200
4461, 351900
4462, 352300
4463, 378100
4464, 350300
4465, 350200
4466, 357300
4467, 350900
4468, 352400
4469, 351700
4470, 355200
4471, 352700
4472, 351700
4473, 382500
4474, 366300
4475, 359800
4476, 358200
4477, 351200
4478, 351900
4479, 354200
4480, 351300
4481, 352300
4482, 352000
4483, 355500
4484, 351100
4485, 369300
4486, 356500
4487, 351800
4488, 349600
4489, 351300
4490, 353200
4491, 354900
4492, 353600
4493, 351600
4494, 352400
4495, 353200
4496, 353200
4497, 352900
4498, 351300
4499, 353700
4500, 350800
4501, 351700
4502, 390200
4503, 352900
4504, 352200
4505, 354000
4506, 362900
4507, 357700
4508, 353400
4509, 358400
4510, 355200
4511, 353000
4512, 351300
4513, 352700
4514, 352200
4515, 353500
4516, 352900
4517, 352800
4518, 353800
4519, 354800
4520, 373100
4521, 412400
4522, 357800
4523, 352700
4524, 353300
4525, 352300
4526, 354700
4527, 352700
4528, 353200
4529, 353100
4530, 365400
4531, 352300
4532, 353000
4533, 354000
4534, 353900
4535, 350900
4536, 353500
4537, 352800
4538, 353300
4539, 353900
4540, 356500
4541, 353600
4542, 353500
4543, 353300
4544, 351900
4545, 356600
4546, 355500
4547, 354200
4548, 352700
4549, 354900
4550, 366900
4551, 362000
4552, 353400
4553, 402300
4554, 367500
4555, 354600
4556, 353700
4557, 358700
4558, 353500
4559, 353200
4560, 354600
4561, 355700
4562, 352700
4563, 352900
4564, 353900
4565, 354500
4566, 381600
4567, 352400
4568, 353000
4569, 360500
4570, 352300
4571, 352900
4572, 360700
4573, 361500
4574, 355000
4575, 378300
4576, 353600
4577, 354700
4578, 353100
4579, 354500
4580, 353800
4581, 354500
4582, 354700
4583, 354600
4584, 353700
4585, 355400
4586, 355600
4587, 354800
4588, 355700
4589, 354500
4590, 356300
4591, 354400
4592, 353600
4593, 373200
4594, 370400
4595, 354700
4596, 371600
4597, 371100
4598, 355600
4599, 354700
4600, 356000
4601, 354300
4602, 355000
4603, 356200
4604, 398200
4605, 355500
4606, 354600
4607, 355400
4608, 354300
4609, 355200
4610, 355300
4611, 355400
4612, 355000
4613, 379600
4614, 367000
4615, 353900
4616, 359900
4617, 356200
4618, 355200
4619, 371800
4620, 355500
4621, 352900
4622, 355600
4623, 355600
4624, 354800
4625, 355200
4626, 353600
4627, 354300
4628, 355200
4629, 355300
4630, 354900
4631, 354100
4632, 355300
4633, 356100
4634, 355700
4635, 357500
4636, 357800
4637, 360500
4638, 382000
4639, 396500
4640, 355100
4641, 357000
4642, 356900
4643, 359700
4644, 355300
4645, 357200
4646, 355500
4647, 357200
4648, 357200
4649, 356800
4650, 356100
4651, 357300
4652, 357100
4653, 355400
4654, 358600
4655, 356900
4656, 357100
4657, 356700
4658, 355100
4659, 387800
4660, 360000
4661, 378500
4662, 364200
4663, 354000
4664, 378000
4665, 355400
4666, 358200
4667, 356100
4668, 357600
4669, 356300
4670, 355800
4671, 356500
4672, 355500
4673, 355800
4674, 358300
4675, 356900
4676, 354300
4677, 356900
4678, 355500
4679, 356300
4680, 356700
4681, 356800
4682, 357400
4683, 358600
4684, 357700
4685, 357300
4686, 357300
4687, 356600
4688, 410400
4689, 377500
4690, 375800
4691, 355900
4692, 357200
4693, 357100
4694, 357300
4695, 355900
4696, 359300
4697, 355800
4698, 358800
4699, 357400
4700, 362600
4701, 360700
4702, 364600
4703, 362100
4704, 368500
4705, 387100
4706, 357900
4707, 366700
4708, 384200
4709, 357400
4710, 358100
4711, 358000
4712, 355700
4713, 356000
4714, 357800
4715, 357300
4716, 359400
4717, 358500
4718, 358100
4719, 358200
4720, 356900
4721, 356900
4722, 356200
4723, 385500
4724, 357400
4725, 366900
4726, 372200
4727, 366200
4728, 356100
4729, 363500
4730, 357500
4731, 358200
4732, 357200
4733, 357400
4734, 358200
4735, 358600
4736, 355900
4737, 358500
4738, 357900
4739, 357900
4740, 358600
4741, 357200
4742, 358900
4743, 358000
4744, 356600
4745, 357200
4746, 357400
4747, 359800
4748, 357400
4749, 356700
4750, 386900
4751, 388100
4752, 497700
4753, 468900
4754, 498700
4755, 468400
4756, 470700
4757, 386800
4758, 371700
4759, 359100
4760, 366700
4761, 359900
4762, 359000
4763, 360600
4764, 361600
4765, 371900
4766, 371200
4767, 358600
4768, 429700
4769, 359700
4770, 359400
4771, 358800
4772, 357800
4773, 359500
4774, 361600
4775, 360500
4776, 360300
4777, 358000
4778, 358700
4779, 359200
4780, 360100
4781, 358700
4782, 359400
4783, 385600
4784, 359300
4785, 364200
4786, 357900
4787, 359400
4788, 358300
4789, 359400
4790, 363500
4791, 359200
4792, 359900
4793, 359200
4794, 361100
4795, 394100
4796, 360900
4797, 383200
4798, 359900
4799, 361600
4800, 366000
4801, 363800
4802, 360800
4803, 360900
4804, 360000
4805, 360000
4806, 360500
4807, 362500
4808, 369400
4809, 359700
4810, 361100
4811, 360100
4812, 361500
4813, 358600
4814, 359500
4815, 363700
4816, 360100
4817, 360700
4818, 359100
4819, 360800
4820, 360500
4821, 364000
4822, 364200
4823, 366600
4824, 371500
4825, 361300
4826, 360600
4827, 366500
4828, 362300
4829, 359500
4830, 362400
4831, 361700
4832, 359100
4833, 360400
4834, 358800
4835, 360100
4836, 360800
4837, 360500
4838, 362700
4839, 377000
4840, 360900
4841, 414200
4842, 361200
4843, 361900
4844, 373200
4845, 360300
4846, 363000
4847, 361400
4848, 361300
4849, 359500
4850, 447800
4851, 367500
4852, 361000
4853, 367600
4854, 363000
4855, 362000
4856, 361500
4857, 361400
4858, 359800
4859, 362000
4860, 361500
4861, 360300
4862, 359600
4863, 361200
4864, 360300
4865, 362200
4866, 361500
4867, 361400
4868, 360700
4869, 360300
4870, 362600
4871, 359700
4872, 362300
4873, 361600
4874, 362100
4875, 361900
4876, 393800
4877, 359900
4878, 361800
4879, 360000
4880, 361400
4881, 361000
4882, 382000
4883, 360200
4884, 360000
4885, 361200
4886, 382400
4887, 365200
4888, 470000
4889, 477000
4890, 498300
4891, 530100
4892, 474900
4893, 413400
4894, 380600
4895, 362300
4896, 369500
4897, 363200
4898, 363100
4899, 363300
4900, 404000
4901, 455400
4902, 448300
4903, 365800
4904, 362400
4905, 362500
4906, 362800
4907, 363100
4908, 362700
4909, 366000
4910, 364400
4911, 361700
4912, 361500
4913, 362900
4914, 365000
4915, 362800
4916, 362100
4917, 375800
4918, 363400
4919, 363600
4920, 362400
4921, 363300
4922, 363200
4923, 363300
4924, 365300
4925, 363700
4926, 362200
4927, 361900
4928, 362400
4929, 399100
4930, 484500
4931, 363300
4932, 368300
4933, 404200
4934, 364000
4935, 366900
4936, 361900
4937, 361400
4938, 361500
4939, 363800
4940, 363300
4941, 362600
4942, 364100
4943, 362200
4944, 364000
4945, 363400
4946, 362300
4947, 363300
4948, 363500
4949, 365400
4950, 365500
4951, 364100
4952, 363900
4953, 363800
4954, 363500
4955, 362900
4956, 364600
4957, 361700
4958, 363600
4959, 363400
4960, 363600
4961, 364400
4962, 363500
4963, 363100
4964, 364000
4965, 363900
4966, 365500
4967, 362600
4968, 363900
4969, 364300
4970, 363000
4971, 364700
4972, 366400
4973, 362100
4974, 363900
4975, 416000
4976, 446500
4977, 363000
4978, 362700
4979, 371400
4980, 362300
4981, 363800
4982, 369100
4983, 365600
4984, 363400
4985, 364300
4986, 364600
4987, 365000
4988, 364700
4989, 363700
4990, 364300
4991, 363300
4992, 363000
4993, 363400
4994, 364900
4995, 362500
4996, 363400
4997, 365600
4998, 365900
4999, 364700
5000, 362700
