3 6100
4 3100
5 1700
6 1800
7 2100
8 2100
9 3600
10 3800
11 2600
12 2600
13 2900
14 3300
15 3000
16 3200
17 3900
18 3800
19 3900
20 4400
21 4200
22 4200
23 5000
24 4700
25 5300
26 5400
27 5600
28 5700
29 5800
30 7500
31 6300
32 6500
33 6800
34 6600
35 6700
36 7700
37 6800
38 8100
39 7900
40 8200
41 8400
42 8100
43 8600
44 8600
45 8700
46 9000
47 9600
48 9600
49 9600
50 10000
51 10300
52 10400
53 10200
54 10300
55 11300
56 10700
57 11500
58 11500
59 12000
60 12200
61 12200
62 12600
63 12900
64 12800
65 12500
66 19200
67 18900
68 16400
69 16200
70 17400
71 16800
72 17700
73 18900
74 17700
75 19100
76 19600
77 19900
78 21100
79 21800
80 21500
81 22400
82 23300
83 40800
84 24800
85 23300
86 25000
87 23800
88 25300
89 25500
90 24900
91 24500
92 24500
93 25500
94 25300
95 27300
96 27900
97 27200
98 26300
99 28300
100 28900
101 29100
102 29800
103 27700
104 29700
105 29000
106 29700
107 31100
108 30800
109 29500
110 29300
111 30500
112 32100
113 32200
114 32000
115 32400
116 33300
117 32800
118 33200
119 33400
120 34000
121 34000
122 33600
123 34500
124 34500
125 34800
126 35600
127 36600
128 36300
129 35400
130 36000
131 38100
132 35800
133 38800
134 38100
135 38300
136 39400
137 40300
138 40200
139 40100
140 41300
141 40000
142 40200
143 40500
144 40100
145 42400
146 41500
147 41800
148 41500
149 43900
150 43100
151 42400
152 43700
153 43000
154 43800
155 44900
156 44700
157 45700
158 45600
159 45400
160 45000
161 45500
162 45100
163 47300
164 45500
165 46300
166 45400
167 48700
168 48800
169 48700
170 47200
171 48200
172 49300
173 49500
174 49200
175 50200
176 51000
177 50600
178 52200
179 52300
180 51700
181 51600
182 52700
183 52500
184 54300
185 52900
186 54300
187 53600
188 53100
189 56000
190 55500
191 54700
192 54600
193 56600
194 55700
195 57900
196 56200
197 56300
198 59900
199 57500
200 59600
201 58100
202 58200
203 59200
204 59000
205 60500
206 60700
207 60400
208 62200
209 63600
210 60900
211 62200
212 63100
213 62900
214 64100
215 63600
216 64600
217 63400
218 64500
219 64300
220 65200
221 65600
222 65300
223 66400
224 65800
225 65100
226 66800
227 68700
228 67400
229 68600
230 67800
231 66400
232 69600
233 69600
234 68900
235 70400
236 70100
237 71000
238 68500
239 71600
240 71200
241 95800
242 72800
243 72900
244 72300
245 72700
246 73400
247 74500
248 72900
249 72900
250 74000
251 75200
252 66000
253 69700
254 76200
255 67800
256 71000
257 75300
258 70800
259 79100
260 80000
261 82300
262 70100
263 71700
264 75700
265 69800
266 75300
267 79600
268 81500
269 74000
270 79500
271 83500
272 78700
273 79900
274 79300
275 83100
276 83900
277 83700
278 82000
279 85300
280 85200
281 86300
282 85600
283 84300
284 84800
285 86800
286 86900
287 87300
288 85900
289 87000
290 88300
291 89400
292 90300
293 88700
294 88800
295 89200
296 88800
297 91700
298 91700
299 90600
300 89500
301 90800
302 92600
303 87200
304 87900
305 90800
306 94100
307 92700
308 96100
309 96400
310 96000
311 97400
312 92900
313 95000
314 96000
315 95100
316 96800
317 95800
318 97100
319 98600
320 97800
321 99300
322 98400
323 99900
324 99200
325 100100
326 100100
327 102800
328 101300
329 100800
330 100800
331 102200
332 101900
333 101900
334 102200
335 103200
336 104900
337 99100
338 100000
339 105900
340 103300
341 99300
342 101900
343 105200
344 109400
345 108500
346 110300
347 110500
348 109100
349 109400
350 111200
351 112000
352 111200
353 112500
354 111100
355 113600
356 112700
357 114100
358 116000
359 111400
360 124400
361 103800
362 104800
363 121200
364 100100
365 180900
366 115100
367 108600
368 113700
369 111200
370 110600
371 113600
372 108100
373 116400
374 113400
375 114900
376 120100
377 118800
378 117700
379 110400
380 112400
381 110600
382 113300
383 112800
384 121600
385 110100
386 108100
387 107400
388 114600
389 114800
390 110500
391 109400
392 112400
393 112000
394 118300
395 122000
396 120500
397 123500
398 126700
399 124100
400 124100
401 126000
402 121900
403 127700
404 127700
405 130500
406 130600
407 130900
408 127200
409 125300
410 127100
411 126900
412 126000
413 131200
414 130200
415 127100
416 130900
417 131700
418 131600
419 132200
420 136700
421 137000
422 134900
423 136300
424 133300
425 134400
426 137100
427 138300
428 137400
429 143900
430 139900
431 137700
432 136500
433 133200
434 134900
435 134500
436 133700
437 166200
438 131500
439 137400
440 131200
441 132300
442 133400
443 138200
444 137600
445 142000
446 137900
447 140700
448 139100
449 142100
450 139800
451 143400
452 142500
453 135400
454 145000
455 142400
456 142800
457 144700
458 143100
459 273000
460 149600
461 148500
462 148300
463 148100
464 151100
465 150900
466 152600
467 154000
468 151900
469 150500
470 150100
471 149500
472 155000
473 152500
474 154200
475 153900
476 155900
477 155100
478 155700
479 156200
480 154300
481 154900
482 158200
483 155900
484 155300
485 154900
486 157000
487 157900
488 160100
489 158000
490 160200
491 162100
492 160600
493 161700
494 161700
495 159700
496 163000
497 161600
498 162700
499 163700
500 161800
501 164300
502 165600
503 165000
504 164500
505 164400
506 166800
507 166400
508 166300
509 167800
510 165300
511 165900
512 167900
513 167200
514 170200
515 169100
516 170800
517 169700
518 173200
519 172300
520 172300
521 173800
522 172300
523 170600
524 173800
525 172300
526 173000
527 174400
528 171700
529 173600
530 172900
531 174600
532 176100
533 176600
534 176400
535 131800
536 127400
537 131700
538 128100
539 128600
540 143700
541 142200
542 191700
543 168200
544 165400
545 179500
546 164300
547 161700
548 166200
549 168700
550 163600
551 166100
552 181500
553 176900
554 176200
555 166700
556 173600
557 170600
558 172000
559 171900
560 171700
561 175700
562 166300
563 174300
564 174400
565 175600
566 197300
567 194200
568 200700
569 209100
570 182800
571 174500
572 175100
573 173400
574 167200
575 178400
576 180200
577 170100
578 142100
579 140400
580 140300
581 140000
582 140200
583 140700
584 139800
585 177100
586 216500
587 185200
588 145700
589 141600
590 166200
591 177400
592 192300
593 197100
594 203900
595 195400
596 184300
597 190300
598 144800
599 145900
600 146500
601 145100
602 143800
603 148100
604 147200
605 147000
606 149200
607 146600
608 147300
609 147400
610 148100
611 147600
612 148500
613 149300
614 149700
615 149400
616 183600
617 151600
618 150000
619 151100
620 150200
621 152000
622 166600
623 153900
624 152600
625 154100
626 153400
627 152900
628 153200
629 154400
630 153600
631 158000
632 154100
633 155400
634 152200
635 155400
636 153800
637 154000
638 156300
639 156100
640 157900
641 158500
642 157300
643 156700
644 156500
645 161600
646 157700
647 160200
648 158400
649 158400
650 157700
651 160300
652 158900
653 161000
654 160400
655 160400
656 162100
657 161300
658 162100
659 160800
660 169300
661 163600
662 162300
663 161600
664 163800
665 162900
666 184000
667 163600
668 165200
669 189300
670 174900
671 176600
672 165900
673 173500
674 168200
675 168100
676 164700
677 183100
678 167400
679 177900
680 168400
681 176100
682 178600
683 191100
684 178800
685 216900
686 210300
687 224300
688 234300
689 171600
690 230500
691 239500
692 235300
693 233900
694 234800
695 240100
696 237600
697 240200
698 244900
699 241200
700 241500
701 308500
702 241200
703 238500
704 243200
705 242600
706 245600
707 245100
708 244600
709 245600
710 246800
711 247100
712 243600
713 241500
714 242000
715 269800
716 348000
717 246100
718 249100
719 249800
720 249900
721 249100
722 249400
723 249500
724 246700
725 249100
726 207200
727 223000
728 206500
729 181700
730 183700
731 182400
732 204900
733 185400
734 184000
735 184500
736 185400
737 201400
738 183900
739 182900
740 212500
741 215800
742 186000
743 187400
744 186100
745 206100
746 200900
747 188000
748 185800
749 186500
750 222000
751 188500
752 186200
753 187600
754 218900
755 189500
756 190000
757 190100
758 230900
759 210800
760 191500
761 191500
762 192300
763 213900
764 210700
765 190500
766 190800
767 220700
768 193000
769 192400
770 191400
771 227500
772 202600
773 202600
774 260500
775 224900
776 197400
777 192900
778 214100
779 221400
780 213900
781 323500
782 303500
783 270900
784 267900
785 244600
786 260600
787 255400
788 259300
789 260400
790 259600
791 258300
792 264000
793 268900
794 277100
795 275700
796 356800
797 266800
798 277900
799 273900
800 274700
801 281400
802 276700
803 279700
804 284500
805 273200
806 278600
807 278700
808 280600
809 281100
810 281900
811 283700
812 321300
813 270200
814 262700
815 258600
816 264600
817 285800
818 271700
819 263100
820 263500
821 211800
822 207100
823 212400
824 208700
825 206400
826 208000
827 209300
828 212000
829 209200
830 210600
831 210400
832 211800
833 212700
834 210600
835 212200
836 214900
837 211500
838 211500
839 214300
840 213200
841 214400
842 210600
843 212700
844 267200
845 219000
846 218300
847 214700
848 222200
849 218300
850 220400
851 215300
852 245100
853 224000
854 217300
855 219300
856 215100
857 270500
858 304900
859 228800
860 278300
861 286000
862 223600
863 236600
864 220100
865 252600
866 250100
867 235300
868 295800
869 288200
870 285200
871 222800
872 221500
873 290500
874 265400
875 223900
876 223300
877 257500
878 227100
879 224200
880 223800
881 259600
882 226200
883 225300
884 226300
885 265600
886 226600
887 229100
888 227600
889 230800
890 226300
891 227600
892 231000
893 260300
894 285500
895 293900
896 237200
897 229200
898 230700
899 228400
900 321300
901 310400
902 313800
903 318700
904 321200
905 307200
906 314600
907 313900
908 301500
909 305300
910 294600
911 306900
912 308500
913 309100
914 305500
915 308400
916 317900
917 328400
918 313900
919 239500
920 236200
921 236700
922 235600
923 237200
924 237800
925 237400
926 238300
927 250300
928 263100
929 301300
930 304700
931 358300
932 327600
933 333700
934 349300
935 358800
936 383100
937 492800
938 324700
939 262100
940 268800
941 243900
942 242800
943 266300
944 282700
945 269900
946 259200
947 244300
948 244800
949 242900
950 246100
951 245800
952 256600
953 330000
954 335800
955 328900
956 442900
957 370800
958 318100
959 289200
960 249600
961 249800
962 303900
963 249900
964 315100
965 305100
966 396900
967 308200
968 261900
969 483500
970 310500
971 1147300
972 329800
973 384000
974 258000
975 251700
976 250500
977 319100
978 313500
979 320000
980 256100
981 251700
982 252500
983 280500
984 271100
985 258800
986 255200
987 261300
988 257700
989 256600
990 255800
991 258400
992 257600
993 256200
994 260400
995 260000
996 259600
997 262200
998 258800
999 261100
1000 257500
